1
6.7
7
7
7
7
7
7
7
7
7
7
7
7
7
7
7
7
7
8.1
8.2
8.2
8.2
8.2
8.2
7.7
7.7
7.7
7.4
8.6
8.6
8.6
8.6
8.6
8.6
9.3
9.3
9.3
8.3
8.4
8.4
8.4
8.4
8.4
8.3
8.3
8.3
8.3
8.3
8.3
8.3
8.3
8.3
7.1
7.7
7.7
7.7
7.1
7.1
10
10
10
10
7.6
7.6
7.6
6.6
6.6
7
6.9
7.2
7.5
7.5
7.2
7.2
7.2
7.2
7.2
7.2
7.2
6.9
6.9
6.9
6.9
5.5
6.3
7.6
7.6
7.5
8.7
8.7
8.7
8.7
8.7
8.7
7.3
7.3
7.3
7.3
7.3
7.3
7.3
7.3
7.3
7.3
7.3
7.3
7.3
8.3
8.7
8.7
8.7
8.7
8.7
8.7
8.7
9
8.8
8.8
8.5
8.5
9
9.6
9.6
9.6
9.6
9.6
9.6
9.6
8.9
8.9
8.9
8.9
8.8
8.8
8.8
8.7
8.7
8.7
8.7
8.7
8.8
8.8
8.8
9.1
9.1
9.1
9.1
9.1
9.1
9.1
9.1
8.6
8.6
8.6
8.6
8.6
8.6
8.6
8.6
8.6
8.5
8.5
8.5
8.8
6.2
6.2
6.2
6.7
8.2
8.2
8.2
8.2
8.2
8.2
8.2
8.5
8.5
8.5
8.5
8.5
8.5
8.7
8.7
8.7
8.7
8.7
8.7
8.2
8.2
8.2
7.8
7.9
7.9
7.9
7.9
7.9
7.9
7.9
7.9
8.4
8.4
8.4
8.4
8.4
8.1
8.1
8.1
8.1
8.1
9.4
9.4
9.4
9.4
9.4
9.4
10
10
10
10
10
8.5
8.5
9.2
9.2
9.1
9.1
9.1
9.6
9.6
9.6
9.6
9.6
9.6
8.6
8.6
8.6
7.9
7.9
7.2
7.2
7.2
7.2
7.5
7.5
7.5
7.5
7.5
7.5
7.5
7.5
8.2
8.2
8.2
8.2
8.2
8.3
8.7
8.2
8.6
8.6
8.6
8.1
8.1
8.1
8
9.2
9.2
9.2
9.2
9.3
9.3
9.3
9.3
9.3
9.3
9.3
8.3
8.3
8.3
8.3
8.3
8.3
8.3
8.3
9.3
9.2
9.2
9.2
9.2
9.2
9.2
9.2
9.8
9.1
9.1
9.1
9.1
9.1
9.1
9.3
9.3
9.3
9.3
9.3
9.3
9.3
8.4
8.4
8.4
8.6
8.6
8.6
8
8
8
8
8
8
7.7
8.1
8.1
8.1
8.1
8.1
8.1
8.1
8.1
8
8.1
8.1
8.1
8.3
8.3
8.3
8.3
8.3
7.2
7.3
7.3
7.3
7.3
7.3
7.3
7.3
7.3
7.3
7.3
7.3
7.3
7.3
7.3
7.3
7.3
8.6
8.6
8.6
5.8
8.2
8.2
8.2
8.5
8.5
8.5
8.5
8.5
8.5
8.5
8.5
8.5
8.5
8.5
8.2
8.2
8.2
8.2
8.2
8.2
6.3
6.9
7.8
7.8
7.8
7.8
8.7
8.7
8.7
7.1
7.1
7.1
7.1
7.1
7.2
7.2
7.2
8
8
8
7.7
7.8
7.8
7.8
7.8
7.8
7.8
7.8
7.2
7.2
7.2
7.2
7.2
7.2
7
7
7.4
7.4
7.4
7.4
7.5
7.4
7.4
7.4
7.6
7.6
7.6
7.4
9.5
7.2
7.2
7.2
7.3
7.3
8.3
8.3
9
8.8
8.8
8.8
8.8
8.6
8.6
8.6
8.6
8.6
8.6
8.6
6.8
7.1
7.1
7.5
7.8
8
8
8
8
8
7.1
7.1
7.1
7.1
7.1
7.1
7.6
7.6
7.6
7.6
7.6
8.4
8.4
8.4
7.6
7.6
7.6
9
9
9
8.4
8.6
8.6
8.6
7.5
7.5
7.5
8
8
8
8
8
8
8
8
8
8
8
9
9
9.2
9.2
9.2
9.2
9.2
9.2
9.2
9.1
9.1
9.5
9.5
9.5
9.5
9.5
9.5
9.5
9.5
9.5
9.5
9.5
9.5
9.5
9.5
9.5
9.5
9.5
9.5
9.5
9.5
9.5
9.5
9.5
9.5
9.5
9.5
9.5
9.5
9.5
9.5
7.3
7.3
7.3
7.3
8.4
8.4
7.6
7.6
7.6
7.8
7.8
7.8
7.8
7.8
7.8
7.8
7.8
7.8
7.9
7.9
7.9
7.9
7.9
7.9
7.9
7.9
7.9
7.9
7.9
7.9
7.9
7.9
9.1
9.1
9.1
9.1
9.1
9.1
9.1
9.1
8.4
8.4
8.4
8.4
8.2
8.2
8.2
8.2
8.2
8.2
8.2
8
8
8
8
8
8
8
8
8
8.8
8.4
8.4
9.4
9.5
9.5
9.5
9.5
9.5
9.8
9.8
9.8
9.2
9.2
9.1
9.1
9.1
9.1
9.1
9.1
9.1
9.4
9.4
9.4
9.3
9.3
8.9
9.8
9.8
9.5
9.5
9.3
9.3
9.4
9.4
9.4
9.4
9.4
9.4
9.4
9.4
9.2
9.2
9.3
9.3
9.6
9.4
9.4
9.4
9.8
9.8
9.8
9.8
9.8
9.8
9.8
9.4
9.7
9.7
9.8
9.8
9.8
9.8
9.8
9.8
9.8
9.8
9.6
9.6
9.6
9.6
9.6
9.6
9.6
9.8
9.8
9.8
9.4
9.6
9.6
9.6
9.6
9.6
10
10
10
10
10
10
10
10
10
10
10
10
9.7
9.7
9.7
9.8
9.9
9.9
9.9
9.9
9.9
9.9
9.9
9.9
9.9
9.9
9.9
9.8
9.8
9.8
9.8
9.8
9.8
9.8
10
10
10
10
10
9.9
9.9
9.9
9.9
9.9
9.8
10
10
9.8
9.8
9.8
9.8
9.8
9.8
9.8
9.8
9.8
9.9
9.9
9.9
9.9
9.9
9.9
9.9
8
8
8
9.7
9.7
9.7
9.7
9.2
9.2
9.2
9.2
9.2
9.2
9.2
9.2
9.2
9.2
9.9
9.9
9.9
9.9
9.9
10
10
9.8
9.8
9.8
9.8
9.8
9.8
9.8
8.9
8.9
8.9
8.9
8.9
8.5
8.9
8.9
9
9
9
9.1
9.1
9.1
9.1
9.1
9.1
9
8.6
8.6
8.6
8.6
8.6
8.6
8.6
9.4
9.4
9.4
9.4
9.4
9.4
9.4
9.3
9.3
9.3
8.5
8.5
8.5
8.5
7.8
7.8
7.8
7.8
7.8
7.8
8
7.8
7.8
7.8
8.8
8.8
8.8
8.8
8.8
8.8
9.2
8.3
8.3
9.5
9.3
9.3
9.3
9.3
9.3
9.3
9.3
9.3
9.3
9.3
9.3
9.3
9.3
9.3
9.3
9.3
9.3
9.3
9.3
9.3
9.3
8.6
8.6
8.6
8.6
8.6
8.6
8.6
8.6
8.6
8.6
8.6
9.4
9.4
9.4
9.4
9.4
9.4
8.1
8.5
8.5
8.5
8.5
8.5
8.5
8.9
8.9
8.9
8.9
8.5
8.5
8.1
8.1
8.1
8.1
8
7
7
7
7.4
7.4
7.1
7.1
7.1
7.1
8
8
8
8
8
7.2
6.1
7.6
7.6
7.6
7.6
7.6
7.6
7.6
7.6
6.7
5.8
5.8
5.8
5.8
5.8
5.8
6.4
6.4
6.4
6.4
6.4
6.7
6.7
6.5
6.5
6.5
6.5
6.5
6.8
6.3
6.3
6.3
6.3
6.3
6.3
6.3
6.3
6.3
6.3
7.9
7.9
7.9
7.9
7.9
7.9
7.9
6.5
6.5
6.6
6.6
6.6
6.6
6.6
6.2
6.2
6.2
6.2
6.2
6.2
6.2
6.2
7.9
7.9
7.9
7.9
7.9
7.5
7.5
7.5
7.5
7.5
7.5
7.5
7.5
7.5
7.5
7.5
6.7
6.7
6.7
7.7
7.7
7.7
7.7
7.7
9.2
9.2
9.2
9.2
9.5
9.5
9.2
9.2
9.2
8.9
8.9
8.9
8.5
7.2
