8
7.8
10
10
9
9
9
9
9
9
6.2
6.2
6.2
6.2
6.2
6.2
5.9
5.9
5.9
5.9
6
6
6.2
7.4
7.3
7.3
7.3
7.3
7.6
8.8
8.8
8.6
8.6
8.4
8.4
8.4
8.4
8.4
8.4
8.4
7.6
7.6
7.6
7.6
7.6
7.6
7.6
7.6
7.6
7.6
7.9
7.9
7.9
6.4
6.4
6.4
6.4
6.4
7.6
7.6
7.6
7.6
7.6
7.6
7.6
7.6
7.6
7.6
7.6
7.6
7.6
7.6
7.6
7.3
7.3
6.4
6.4
6.4
6.4
6.4
7.5
7.5
7.5
7.5
6.4
6.8
6.8
6.8
6.7
7.8
6.7
6.7
6.7
6.7
6.7
6.7
6.7
6.7
6.7
6.7
6.7
6.7
6.7
6.7
6.7
6.7
6.7
6.7
7.6
7.2
7.1
7.1
7.1
8.1
8.1
7.8
7.9
7.4
7.4
8
8
8
8.9
8.9
8.9
8.9
8.9
8.9
8.9
8.9
8.9
8.9
8.9
8.9
8.8
8.3
8.3
7.7
8
8
8
7.9
7.9
7.9
8.3
8.3
8.3
8.3
8.3
8.3
8.3
8.3
7.3
7.2
7.2
7.2
7.2
9.8
9.5
9.5
9.5
9.5
9.5
7.3
7.5
7.5
7.5
7.5
7.5
7.3
7.3
7.3
7.3
7.3
7.3
7.3
7.6
7.9
7.7
7.7
7.7
7.7
7.9
7.9
7.9
7.9
7.9
7.9
7.1
7.1
7.1
7.3
8.2
8.2
8.1
8.1
8.1
8.1
7.4
8.3
8.8
8.8
8.8
8
8
8
8
8
8
8
8
7.7
7.7
7.7
7.7
7.7
7.7
9.1
9.1
9.1
9
9.2
6.3
6.3
6.3
6.3
6.3
8.8
9.3
6.3
6.3
6.3
6.3
6.3
6.6
6.6
8.8
8.2
8.2
7.6
7.6
7.6
7.6
7.6
7.6
7.6
7.6
7.6
7.6
7.6
7.6
9.1
9.1
9.1
8.3
8.3
8.3
8.3
7.6
7.6
7.6
7.6
7.6
7.6
7.6
7.4
8.5
8.5
8.5
8.5
8.6
8.6
8.6
8.6
8.6
8.6
8.6
8.6
8.6
8.6
8.3
8.3
8.4
8.4
8.4
8.3
8.1
8.1
8.1
8.1
8.1
8.1
8.5
9
9.1
9.1
9.1
9.1
9.1
9.1
9.2
9.2
9.2
9.2
9.2
9.2
6.7
6.7
6.7
6.7
6.8
6.8
8.7
8.2
8.2
8.2
8.2
8.2
8.2
7.9
8.3
8.3
8.3
8.3
8.3
8.3
8.3
8.3
8.2
8.2
8.2
8.2
8.4
8.4
8.4
8.4
8.4
8.4
7.2
7.4
7.4
7.4
7.4
7.4
8.7
8.7
8.7
8.7
8.7
8.7
8.7
8.7
8.7
8.7
8.7
8.7
8.7
8.2
8.2
7.5
7.5
7.7
7.7
7.7
7.7
7.7
7
7
7
7.5
7.5
7.5
7.5
7.5
7.5
7.5
7.5
7.5
4.9
5.9
6.9
6.9
6.9
6.9
7.7
7.7
7.7
7.7
7.7
7.3
7.3
7.3
7.4
7.4
7.4
7.4
7.9
8.1
7.8
7.7
6.4
6.9
6.9
6.9
6.9
6.9
6.9
6.9
8
7.1
7.1
7.1
7.1
7.1
7.1
7.1
7.1
7.1
7.5
7.4
7.4
7.4
7.4
7.4
7.1
7.1
9.1
9.1
9.1
9.1
8.8
8.8
8.8
8.8
9.6
9.6
9.6
9.6
9.6
9.6
9.6
9.4
8
8
8
8
6.5
6.5
6.5
6.4
8.6
8.6
8.6
8.6
8.6
8.6
8.1
8.1
8.1
8.1
8.1
8.1
8.6
8.5
8.5
8.5
8.5
7.7
7.7
7.7
7.7
7.7
8.8
7.9
7.9
7.9
6.5
6.6
6.6
6.6
3.5
7
7
7.4
7.4
7.4
7.4
6.5
7
7
7
7
7
7
5.7
5.7
5.8
7.1
7.1
7.7
7.7
7.7
7
6.5
6.5
6.5
6.5
6.5
6.5
6.5
6.5
6.5
5.8
5.8
5.8
5.8
5.8
5.8
5.8
5.8
5.8
5.8
5.8
5.8
5.8
6.3
7.2
7.2
7.2
7.5
7.5
7.5
7.5
7.5
7.5
7.4
7.4
7.4
7.4
7.4
7.4
7.1
7.1
7.1
7.1
6.1
6.1
6.1
6.1
6.1
6.1
7
7.3
7.3
7.3
7.3
7.3
7.1
7.1
7.1
7.1
7.1
7.1
7.1
7.1
7.1
7.1
8.2
7.5
7.5
7.5
8.3
8.3
8.3
8.3
8.3
8.3
8.3
8.3
8.3
7.8
7.8
7.8
7.8
7.8
7.8
7.8
8.2
8.2
8.1
8.1
8.1
8.1
8.1
8.1
8.1
8.1
8.1
9.1
7.9
7.9
7.9
7.9
7.9
8.1
8.1
8.1
8.1
9.3
9.3
9.3
9.3
9.3
8.8
8.9
8.9
9.2
9.2
9.2
9.2
9.2
9.1
9.1
9
9
9
9.2
9.2
9.2
9.2
9.2
9.2
9.2
9.3
9.3
9.3
8.9
8.9
8.9
8.9
9.6
9.4
9.4
9.4
9.5
9.5
9.5
9.5
10
10
10
10
10
9.6
9.7
9.7
9.7
9.7
9.7
9.7
9.7
9.7
9.7
9.7
9.7
9.6
9.7
9.7
9.7
9.7
9.7
9.7
9.7
9.8
9.8
10
10
10
10
10
10
10
9.7
9.7
9.7
9.7
9.7
9.7
9.7
9.7
9.7
9.7
9.7
9.7
9.8
9.8
9.8
9.8
9.8
9.8
9.8
9.8
9.8
9.8
9.8
9.8
9.8
9.8
9.8
9.8
9.8
9.8
9.9
9.9
9.9
9.9
9.9
9.9
9.9
9.9
9.9
9.9
9.8
9.8
9.8
9.8
9.8
9.8
9.8
9.9
9.9
9.9
9.9
9.9
9.9
9.9
9.9
9.9
9.9
9.9
9.9
8
9.8
9.8
9.8
9.8
9.8
9.8
9.8
9.8
9.8
9.2
9.2
9.2
9.2
9.2
9.2
7.7
7.8
7.8
7.8
7.8
7.3
7.8
7.8
8
8
8
8
8
6.7
6.7
6.7
5.6
5.6
5.7
6.3
5.1
5.3
5.3
5.4
5.4
5.4
5.4
5.6
5.6
5.6
5.9
5.9
5.9
5.9
5.9
5.9
5.9
5.9
5.9
6.3
6.3
8.2
8.2
8.2
8.2
8.2
8.2
8.2
8.2
8.2
8.2
8.2
8.2
8.2
8.5
8.5
8.5
8.5
8.5
8.5
8.5
8.5
8.5
8.5
8.5
8.5
7.2
8.5
8.5
8.5
8.9
8.9
8.9
9.1
9.1
9.1
9.1
9.1
9.1
9.1
9.1
9.1
8.4
8.4
8.4
8.2
8.2
8.2
8.2
8.2
8.2
8.2
8.2
8.2
8.2
8.4
8.4
8.4
8.4
8.4
8.4
8.8
8.8
8.8
8.8
8.8
8.8
8.8
8.8
8.3
8.3
8.3
4.5
8
8
8
8
8
8
7.9
7.8
7.8
7.6
7.6
7.6
7
7
7
7
6.8
6.8
6.8
6.8
6.8
6.8
6.5
5.6
5.6
8
8
7.6
7.6
7.6
7.6
7.6
7.2
6.4
6.4
6.4
6.4
6.4
7.2
7.2
7.5
7.5
6.8
6.8
6.8
6.8
6.8
6
6.6
6.6
6.6
6.6
6.6
6.6
6.6
7.4
7.4
7.4
6.7
6.7
6.7
6
6
6
6
6
6
6
6
6
6
7.5
7.5
7.4
7.4
7.4
5
5
5
5
5
5.2
5.2
5.2
5.2
4.6
6.6
6.6
6.6
6.6
6.6
6.6
7.1
7.1
7.1
7.1
7.1
7
7
7
7
7
7
7
7
7
7
6.8
6.8
6.8
6.8
6.8
6.8
6.8
6.8
6.8
6.8
8.6
8.6
8.2
8.2
8.2
8.2
7.1
7.1
7.1
7.1
7.1
7.1
6.8
6.8
