8
8
8
9
9
9
9
10
10
10
10
10
10
10
10
2
7.6
8.1
8.2
8.2
8.2
7.2
7.4
7.4
7.4
7.7
7.8
7.8
7.8
7.8
7.8
7.8
7.8
7.1
7.1
7.1
7.1
6.8
6.6
6.8
6.8
6.7
6.6
6.9
6.6
6.5
6.5
6.5
6.4
6.4
6.4
7
7.4
7.4
7.4
7
6.7
6.7
6.7
6.9
6.9
6.9
6.9
7.9
8
8
8
8
8
7.7
7.8
7.4
7.4
7
7
8.2
8.3
8.3
8.5
8.5
8.5
8.5
8
8
8
8
8
8
8
8.5
8.5
8.5
8.5
8
8
8
8.3
8.2
8.3
8.2
8.3
8.6
8.6
8.6
8.6
8.6
8.7
8.8
8.9
8.9
8.9
8.9
8.9
8.9
8.9
8.9
8.9
8.9
8.9
8.9
8.9
8.9
8.9
9.1
8.6
8.5
8.4
8.4
8.4
8.4
8.1
8.1
8.1
8.1
8
8
8
8
8
8
8
8
8
8
7.4
6.9
7
7
7
7
7
7
7
6.4
6.7
6.7
6.7
6.7
6.7
7.2
7.2
7.2
7.2
7.2
7.2
7.2
7.2
7.2
7.2
7.2
7.2
7.2
7.2
7.3
7.7
10
10
10
10
10
10
10
10
10
10
10
10
10
10
10
10
10
10
10
10
10
10
10
10
10
10
8.5
9.3
8.5
9.3
8.5
8.5
8.5
8.5
9.3
8.5
9.3
8.5
9.3
8.5
9.3
8.2
8.6
8.7
8.7
8.7
8.7
8.7
8.7
8.7
8.7
8.7
8.7
8.7
8.7
8.7
8.7
8.7
8.7
8.7
8.7
8.7
8.7
8.7
8
8
8
8
8
8
8
8
8
8
8
8
8
8
8
8
8
8
8
8
8
8
8
8
8
8
8
7.8
8
7.8
8
7.8
8
7.8
8
7.8
8
7.8
8
7.8
8
7.8
8
7.8
7.9
7.9
7.9
7.9
7.9
7.9
7.9
7.9
7.9
7.9
7.9
7.9
7.8
7.7
7.7
7.7
7.7
7.7
8.5
8.8
8.9
8.9
8.9
8.9
8.9
8.9
8.9
8.9
8.9
9
9.5
9.5
9.5
9.5
9.3
9.3
9.3
9.3
9.3
9.3
9.3
9.3
9.3
9.3
9.3
9.3
9.3
9.3
9.3
9.3
9.3
9.3
9.3
9.3
9.3
9.3
9.3
9.3
9.3
9.3
9.1
8.9
9
9
9.1
9.1
9.1
9.1
9.1
9.1
9.1
9.1
9.1
9.1
9.1
9.1
9.1
9.2
9.2
9.2
9.2
9.2
9.2
9.2
9.2
9.2
9.2
9.2
9.2
9.2
9.2
9.5
9.4
9.5
9.4
9.5
9.4
9.5
9.5
9.5
9.5
9.5
9.5
9.5
9.5
9.5
9.5
9.5
9.5
9.5
9.5
9.5
9.5
9.5
9.5
9.5
9.5
9.5
9.4
9.3
9.2
9.1
8.9
8.9
8.9
8.9
8.9
8.8
8.8
8.8
8.8
8.8
8.8
8.8
8.8
8.8
8.8
8.8
8.8
8.8
8.8
8.8
8.8
8.8
8.8
8.5
8.5
8.5
8.5
8.5
8.5
8.5
8.5
8.5
8.5
8.5
8.5
8.5
8.5
8.5
8.5
8.5
8.5
8.5
8.5
8.5
8.5
8.5
9.7
9.1
9.7
9.1
9.7
9.1
9.7
9.1
9.7
9.1
9.3
9.3
9.3
9.3
9.3
9.3
9.3
9.3
9.3
9.3
9.3
9.4
9.1
9.1
9.1
9.1
9.1
9.1
9.1
9.1
8.9
8.9
8.9
8.9
8.9
8.9
8.9
8.9
8.9
8.9
8.9
8.9
8.9
8.9
8.9
8.9
8.9
8.9
8.8
8.8
9.4
9.2
9.4
9.2
9.4
9.2
9.4
9.2
9.4
9.4
9.4
9.4
9.4
9.4
9.4
9.4
9.4
9.4
9.4
9.4
9.1
9.4
9.1
9.4
9.1
9.4
9.1
9.1
9.1
9.1
9.2
9.1
9.2
9.1
9.2
9.1
9.2
9.1
9.2
9.1
9.2
9.1
9.2
8.8
8.9
8.9
8.9
8.9
8.9
8.9
8.9
8.9
8.9
8.9
8.9
8.9
8.9
8.8
8.8
8.8
8.4
8.5
8.4
8.6
8.6
8.6
8.6
8.6
8.8
8.8
8.8
8.8
8.8
9
9.1
9.1
9.1
9.1
9.1
9.2
9.2
9.2
9.2
9.2
9.2
9.2
9.2
9.2
9.2
9.2
9.2
9.2
9.2
9.3
9.3
9.3
9.4
9.4
9.4
9.4
8.9
9.3
8.9
9.3
8.9
9.3
8.8
8.9
9
8.8
9.1
9.1
9.1
9.1
9.1
9.1
9.1
9.1
9.1
9.1
9.1
9.1
9.1
9.1
9.1
9.1
9.1
9.1
9.2
9.2
9.2
9.2
9.2
9.2
9.2
9.2
9.7
9.7
9.7
9.7
9.7
9.7
9.7
9.7
9.7
9.7
9.7
9
8.8
8.7
8.7
8.7
8.7
8.3
8.5
8.5
8.5
8.5
8.5
8.5
8.5
8.5
8.4
8.4
8.4
8.4
8.4
8.4
8.4
8.7
8.8
8.8
8.8
8.8
8.8
8.8
8.8
8.8
8.8
8.8
8.8
8.8
8.8
9.3
9.3
9.3
9.3
8.7
8.8
8.8
8.8
8.8
8.8
8.8
8.8
8.8
8.8
8.8
8.8
8.6
9.3
9.1
9
9
9
9
9.1
9.1
9.1
9.1
9.1
9.1
9.1
9.1
9.1
9.1
9.1
9.2
9.2
9.2
9.2
9.2
9.2
9.2
9.2
9.2
9.2
9.2
9.2
9.2
9.2
9.2
9.3
9.3
9.3
9.4
9.3
9.4
9.8
9.8
9.8
9.8
9.8
9.8
9
9.5
9.4
9.4
9.4
9.4
9.4
9.4
9.4
9.4
9.5
9.5
9.5
9.5
9.5
9.5
9.5
9.5
9.5
9.5
9.5
9.4
9.4
9.4
9.4
9.4
9.4
9.4
9.4
9.4
9.6
9.6
9.6
9.6
9.6
9.6
9.6
9.6
9.5
9.5
9.3
9.4
9.3
9.3
9.3
8.9
8.9
8.9
8.9
8.9
8.9
8.9
8.9
8.9
8.9
8.9
9.3
9.3
9.3
9.3
9.9
9.3
10
9.6
9.7
9.7
9.7
9.7
10
9.9
10
9.9
10
9.9
10
9.9
10
9.9
10
9.9
10
9.9
10
9.9
10
9.9
10
9.9
10
9.9
10
9.9
9.9
8.8
9
9.1
9.1
9.1
9.1
9.1
9.1
9.1
9.1
9.1
9.1
9.1
9.1
9
9.1
9
9
9
9
8.6
8.8
8.8
8.8
8.8
9.2
9.1
9.1
9.1
9.1
9.3
9.3
9.3
9.3
9.3
9.3
9.3
9.3
9.3
9.3
9.3
9.4
9.4
9.4
9.6
9.6
9.6
9.6
9.6
9.6
9.6
9.4
9.2
9.2
9.2
9
9
9
9
9
9
9
8.9
9.7
9.3
9.1
9.1
9.1
9.1
9.1
9.1
9.1
9.1
9.1
9.1
9.1
9.1
9.1
9.1
9.1
9.1
9.1
9.1
9.1
9.1
9.1
9.1
9.1
9.1
9.1
9.1
9.1
9.1
9.4
9.4
9.4
9.4
9.4
9.4
8.4
8.9
8.9
8.9
8.9
8.9
8.9
8.9
8.9
8.9
8.9
8.9
8.9
8.9
8.9
8.9
8.9
8.9
8.9
8.9
8.9
8.9
8.9
8.9
8.6
8.7
8.7
8.7
8.7
8.7
8.9
8.9
8.9
8.9
8.9
8.9
8.9
8.9
8.9
8.9
8.9
8.9
8.9
8.9
8.9
8.9
8.9
8.9
8.9
8.9
8.9
9.4
9.4
9.4
9.4
9.4
9.4
9.4
9.4
9.4
9.4
9.4
9.4
9.4
