4
4
4
5
7
7
7
7
10
8
8.5
8.2
8.3
8.2
8.3
8.2
8.3
8.2
8.3
8.4
8.7
8.3
7.7
7.7
7.7
8
8
7.1
7.1
7.1
7.4
7.4
7.8
7.8
7.8
7.8
7.8
7.4
7.1
7.1
7.1
7.1
7.1
7.1
7.1
7.1
7.1
7.1
7.1
6.6
6.8
6.8
7
7.1
7.1
7
7.2
8.1
8.2
8.2
7.9
7.9
7.2
7.4
7.4
7.1
7.4
7.9
7.9
7.9
7.9
7.9
8.1
8.1
8.1
8.1
8.1
8.1
8.1
8.5
8.3
8.3
8.3
8.3
8
7.9
7.9
8.1
8.1
8.1
8.1
8.1
8.4
8.3
8.3
8.8
8.6
8.6
8.6
8.6
8.6
8.6
8.6
8.6
8.6
8.6
8.6
8.6
8.6
8.6
8.6
8.6
8.6
9.4
9
9.4
9
9.4
9
9.4
9
9.4
9
9.4
9
8.9
8.9
8.9
8.9
8.9
8.9
8.9
8.9
8.9
8
8.3
8.3
8.3
8.3
8.3
8.3
8.2
8.2
8
8
8
8
8
8.2
8.2
8.2
8.2
8.2
8.2
8.2
8.2
8.2
8.1
8.1
8.1
8.1
7.9
7.9
7.9
8.5
8.9
8.9
8.9
8.9
8.9
8.9
9.5
9.3
9.3
9.3
9.3
9.3
9.3
9.1
9.2
9.5
9.4
9.5
9.4
8.6
8.7
8.7
8.7
8.7
8.7
8.7
8.7
8.8
8.8
8.8
8.7
8.6
8.6
8.5
8.5
8.5
8.4
8.4
8.4
8.4
8.4
8.4
8.4
8.4
8.4
8.1
8.1
8.1
8.1
8.4
8.6
9
9
9
9
9
9
9
9
9
9
9
9
9.3
9.1
9.3
9.1
9.3
9.1
9.3
9.1
9.3
9.1
9.3
9.1
9.3
9.1
9.3
9.1
9.3
9.1
9.1
7.6
8.5
8.3
8.4
8.4
8.4
8.3
8.3
8.3
8.2
8.3
8.2
8.3
8.2
8.4
8.4
8.4
8.1
8.4
8.3
8
8
8.1
8.1
8.1
8.1
8.1
8
8
8
8.1
8.1
8.1
8.1
8.1
8.1
8.1
8.1
8.1
8.1
8.1
8.1
8.1
8.1
7.9
7.9
7.9
7.8
7.1
7.4
7.6
7.7
7.6
7.6
7.8
7.9
8
7.5
7.6
7.6
7.6
7.6
7.6
8
8.3
8.3
8.3
8.3
8.3
8.3
8.3
8.3
8.3
8.3
8.3
8.3
8.3
8.3
8.3
8.2
8.3
8.2
8.3
8.2
8.4
8.5
8.5
8.7
8.8
8.8
8.8
8.8
8.8
8.6
8.6
8.6
8.6
8.6
8.6
8.6
8.7
8.8
8.8
8.8
8.6
8.5
8.5
8.5
8.5
8.7
8.6
8.6
8.6
8.6
8.5
8.5
8.5
8.5
8.5
8.5
8.5
8.5
8.3
8.3
8.3
8.3
8.3
8.3
8.3
8.2
8.2
8.2
8.2
8.2
8.2
8.3
8.1
8.1
8.1
7.9
7.9
7.9
7.8
7.8
7.5
7.4
7.4
7.3
7.3
7.3
7.3
7.3
7.4
8
8.9
9.3
9.2
9.2
9.2
9.3
9.3
9.3
9.3
9.3
9.3
9.3
9.4
9.4
9.4
9.4
9.4
9.4
9.4
9.5
9.5
9.5
9.6
9.7
9.7
9.7
9.7
9.7
9.9
9.9
9.9
9.9
9.7
9.6
9.6
9.6
9.6
9.6
9.6
9.6
9.6
9.6
9.6
9.6
9.6
9.6
9.6
9.6
9.6
9.4
9.4
9.4
9.4
9.4
9.4
9.4
9.4
9.4
9.4
9.4
9.4
9.4
9.5
9.5
9.5
9.5
9.5
9.5
9.5
9.5
9.5
9.5
9.5
9.5
9.5
9.5
9.5
9.5
9.5
9.5
9.5
8.5
8.8
8.7
8.7
8.7
8.7
8.6
8.9
8.9
9.2
9.2
9.2
9.2
9.2
9.2
9.2
9.2
9.2
9.2
9.1
9.1
9.1
9.1
9.1
9.1
9.2
9.2
9.2
9.2
9.2
9.4
9.5
9.6
9.5
9.6
9.5
9.6
9.5
9.5
9.5
9.5
9.5
9.5
9.5
9.5
9.5
9.5
9.5
9.5
9.5
9.5
9.5
9.5
9.5
9.5
9.5
9.5
9.5
9.5
9.5
9.5
9.5
9.5
9.5
9.5
9.5
9.5
9.5
9.5
9.5
9.5
9.3
9.9
9.5
9.6
9.6
9.6
9.6
9.6
9.6
9.6
9.6
9.6
9.6
9.6
9.6
9.6
9.6
9.6
9.6
9.6
9.6
9.6
9.6
9.6
9.6
9.6
9.6
9.6
9.6
9.6
9.9
9.6
9.6
9.6
9.6
9.6
9.6
9.6
9.6
9.6
9.6
9.6
9.6
9.6
9.6
9.6
9.6
9.6
9.9
9.8
9.8
9.8
9.8
9.8
9.8
9.8
9.8
10
10
10
10
10
9.8
10
9.8
10
9.8
10
9.8
10
9.8
10
9.8
10
9.8
10
9.7
9.7
9.7
9.7
9.7
9.7
9.7
9.7
9.7
9.7
9.7
9.7
9.4
9.5
9.6
9.6
9.6
9.6
9.6
9.6
9.6
9.6
9.6
9.6
9.6
9.6
9.6
9.6
9.6
9.6
9.8
9.8
9.8
9.8
9.8
9.8
9.8
9.8
9.8
9.8
9.8
9.8
9.8
9.8
9.7
9.7
9.7
9.7
9.7
9.7
9.7
9.7
9.7
9.7
9.7
9.7
9.7
9.7
9.7
9.7
9.7
9.7
9.7
9.7
9.7
9.7
9.7
9.7
9.7
9.7
9.7
9.7
9.9
9.9
9.9
9.9
9.9
9.9
9.9
9.9
9.9
9.9
9.9
9.9
9.9
9.9
9.9
9.9
9.9
9.9
9.9
10
10
10
10
10
10
10
10
10
10
10
10
10
10
10
10
10
10
10
10
10
10
10
10
10
10
10
10
10
10
9.6
10
9.6
10
9.6
10
9.6
10
9.6
10
9.6
9.9
9.8
9.8
9.8
9.7
9.8
9.7
9.8
9.7
9.8
9.7
9.8
9.7
9.8
9.7
9.6
9.7
9.6
9.7
9.7
9.7
9.7
9.7
9.7
9.7
9.7
9.7
9.7
9.7
9.7
9.7
9.7
9.7
9.7
9.7
9.7
9.7
9.7
9.7
9.7
9.7
9.7
9.7
9.7
9.8
9.9
9.9
9.9
9.9
9.9
9.9
9.9
9.9
9.9
9.9
9.9
9.9
9.9
9.9
9.9
9.9
9.9
9.9
9.9
9.9
9.9
9.9
9.9
9.9
9.9
9.6
9.8
9.7
9.7
9.6
9.7
9.6
9.7
9.6
9.7
9.6
9.7
9.6
9.7
9.6
9.7
9.6
9.7
9.6
9.8
9.7
9.8
9.7
9.8
9.7
9.8
9.7
9.8
9.7
9.8
9.8
9.8
9.8
9.8
9.8
9.8
9.8
9.8
9.8
9.8
9.8
9.8
9.8
9.8
9.8
9.8
9.8
9.8
9.8
9.8
9.9
9.9
9.9
9.9
9.9
9.9
9.9
9.9
9.9
9.9
9.9
9.9
9.9
9.6
9.8
9.8
9.8
9.8
9.8
9.8
9.9
9.9
9.9
9.9
9.9
9.9
9.9
9.9
9.9
9.9
9.9
9.8
9.8
9.8
9.8
9.8
9.8
9.8
9.8
9.8
9.8
9.8
9.8
9.8
9.8
9.8
9.8
9.8
9.8
9.8
9.8
9.8
9.8
9.8
9.8
9.8
9.8
9.8
9.8
9.8
9.8
9.9
9.8
9.9
9.8
9.8
9.8
9.8
9.8
9.9
9.8
9.9
9.8
9.9
9.9
9.9
9.9
9.9
9.9
9.9
9.9
9.9
9.9
9.9
9.9
9.9
9.9
10
10
10
10
10
10
10
10
10
10
10
10
10
10
10
10
10
10
10
10
10
10
10
10
10
10
10
10
10
10
10
10
10
