7
7
7
10
10
10
10
10
10
9.4
9.8
9.8
9.8
9.8
9.8
8.6
8.5
7.8
7.7
7.7
7.2
7.3
7.3
7.4
7.1
7.1
6.8
7
7.2
7.2
7.2
7.2
7.2
6.7
6.7
6.8
6.7
6.6
6.3
6.2
6
5.9
5.8
5.8
5.5
5.7
5.7
5.7
5.6
5.5
5.7
5.5
5.5
5.4
5.6
5.5
5.9
5.4
5.3
5.1
5.2
5.2
5.1
5.2
5.4
5.6
5.6
5.3
5.4
5.4
5.3
5.5
5.4
5.4
5.6
5.5
5.6
6
6
6
5.8
5.8
5.8
5.7
5.6
5.8
5.6
5.8
5.7
5.7
5.6
5.6
5.8
5.6
5.6
5.3
5.3
5.8
5.8
5.9
5.9
4.7
4.8
4.9
4.9
4.9
4.9
4.7
4.7
4.7
4.7
4.7
4.6
4.5
4.6
4.4
4.4
4.4
4.4
4.4
4.4
4.4
4.4
4.4
4.3
4.2
4.2
4
3.8
3.9
3.9
4
4.1
3.9
3.8
3.8
3.9
3.9
3.8
3.6
3.6
3.6
3.6
3.6
3.6
3.6
3.8
3.9
4
4
4.2
4.3
4.1
4.1
4.2
4.2
4.2
4.4
4.6
4.7
4.7
4.8
4.8
4.8
4.8
4.8
4.8
4.8
5
5
5
5
4.8
4.8
4.8
4.8
4.8
4.8
4.8
4.8
4.9
4.9
4.9
4.7
4.7
4.7
4.7
4.4
4.1
4.1
4.1
3.9
4.1
4.3
4.3
4.2
4.2
4.4
4.4
4.4
4.4
4.2
4.2
4.2
4.2
4.1
4
4
4
4
3.8
3.9
3.9
4
4
3.9
4
4.1
4.1
4.1
4.1
4.1
4.1
4.3
4.3
4.4
4.4
4.4
4.4
4.4
4.4
4.4
4.4
4.4
4.4
4.5
4.6
4.6
4.6
4.6
4.8
4.9
4.9
4.9
4.9
4.9
4.9
4.9
4.9
4.9
4.9
4.9
4.8
4.9
4.9
4.9
4.8
4.8
4.8
4.8
4.7
4.7
4.7
4.7
4.8
4.8
4.8
4.8
4.8
4.7
4.7
4.7
4.7
4.7
4.7
4.7
4.7
4.7
4.7
4.7
4.7
4.7
4.8
4.4
4.1
4.2
4.3
4.2
4.3
4.2
4.3
4.2
4.3
4.2
4.3
4.2
4.3
4.2
4.2
4.2
4.5
5.5
5.4
5.4
5.6
5.6
5.6
5.6
5.6
5.6
5.6
5.6
5.5
5.5
5.5
5.6
5.6
5.6
5.6
5.6
5.6
5.6
5.7
5.7
5.7
5.7
5.8
5.7
5.7
5.2
5.1
5.1
5.5
5.5
5.5
5.4
5.4
5.1
5.1
5.1
5.1
5.1
5.1
5.1
5.1
5
5
5
5
5
5
5
4.9
4.9
4.9
4.9
4.9
4.9
4.9
5.1
5.2
5.2
5
4.9
4.9
4.9
4.9
5.3
5.4
5.4
5.5
4.9
4.9
4.9
4.9
4.9
4.7
4.7
4.7
4.7
4.8
5
5
5
5
5
5.1
5.1
5.1
5.1
5.1
5
4.7
4.7
4.7
4.7
4.7
4.7
4.7
4.7
4.6
4.4
4.4
4.4
4.4
4.1
4.3
4.3
4.3
4.3
4.3
3.4
3.3
3.7
3.7
3.7
3.4
3.4
3.4
3.4
3.9
3.9
4.4
4.5
4.5
4.9
4.9
4.9
5
5
5
5
5
5
5
5.5
5.6
5.6
5.6
5.6
5.6
5.6
5.6
5.4
5.5
5.5
5.5
5.5
5.5
5.5
5.2
5.1
5.1
5.1
5.1
4.5
4.5
4.2
4.4
4.4
4.4
4.4
4.4
4.4
3.9
3.7
3.7
3.7
3.7
3.7
3.7
3.7
3.7
3.7
3.7
5.2
5.1
5.1
5.1
5.1
5.1
4.9
4.9
4.9
4.9
4.9
4.9
4.8
4.8
4.5
4.7
4.7
4.7
4.7
5
5
5
5
5
5
5
5.9
5.9
5.9
5.9
5.3
5.2
5.2
5.2
5.2
5.2
5.2
5.2
5.2
5.2
5.2
5.2
5.2
5.2
5.2
5.2
5.2
5.2
5.3
5.2
5.2
5.2
5
5
5
5
4.9
4.9
4.9
4.9
4.9
4.9
4.9
4.9
5.3
5.3
5.3
5.3
5.5
5.6
5.6
5.6
5.6
5.6
5.6
5.6
5.6
5.7
5.7
5.8
5.8
5.8
5.8
6
5.8
5.8
6.1
6.2
6.2
6.2
6.2
6.2
6.2
6.6
6.6
6.6
6.6
6.6
6.3
6.3
6.3
6.3
6.3
6.3
6.3
6.3
6
6.2
6.2
6.2
6.2
6.2
6.2
6.2
6.5
6.3
6.3
6.1
6.1
6.1
6.1
6.1
6.1
5.9
5.5
5.5
5
4.9
4.9
4.9
4.9
4.9
4.9
4.9
4.9
4.9
4.6
4.1
4.1
4.1
4.1
4.1
4.1
4.1
4.1
4.5
4.6
4.6
4.6
4.6
4.6
4.6
5.3
5.4
5.4
5.4
5.4
5.4
5.3
5.3
5.2
5.2
5.2
5.2
5.2
5.2
6.2
6.5
6.5
6.4
6.6
6.6
6.6
6.5
6.5
6.5
7
7.1
6.8
6.9
6.9
6.9
6.7
6.6
6.6
6.6
6.6
6.6
6.8
6.8
6.9
6.9
6.9
6.9
6.8
6.8
6.3
6.4
6.3
6.5
6.5
6.5
6.5
6.6
6.1
6.1
6.1
6.1
6.4
6.1
6
6
6
6
5.6
5.5
5.5
4.9
4.8
4.8
4.3
4.2
4.2
4.2
4.2
4.4
5
5
4.7
4.5
4.5
4.5
4.5
4.5
4.5
4.5
4.5
4.5
4.3
4.3
4.1
4.1
4.1
4.1
4.1
4.1
4
4.3
4.3
4.3
4.3
4.3
4.3
4.3
4.3
4
4
4
4.2
4.2
4.2
3.7
3.6
3.6
3.6
3.6
3.6
3.8
3.8
3.8
3.9
3.9
3.9
4.6
4.8
4.8
5.5
5.7
5.7
5.7
5.7
5.7
5.7
5.4
5.3
5.3
5.3
5.3
5.3
5.3
5.3
6.2
5.9
6
6
6
6
6
6
6
6
6
6
5.8
6.2
6.2
5.8
5.8
5.8
5.8
5.8
5.8
5.8
6.3
6.3
6.9
6.8
6.9
6.8
6.9
6.7
6.7
6.7
6.7
6.7
6.7
6.2
6.1
6.1
6.1
6.1
6.5
6.6
6.6
6.2
5.9
6.1
5.5
5.1
5.2
5.2
6
6.2
6.2
6.2
6.2
6.2
6.2
6.2
6.2
6.2
6.4
6.3
6.4
6.3
6.4
6.3
6.4
6.3
6.4
6.3
6.4
6.3
6.4
6.1
6.2
6.1
6.8
6.9
6.9
6.9
6.1
6
6
6
5.6
5.6
5.6
5.6
5.6
5.6
5.6
5.3
5.2
5.5
5.5
5.5
5.5
5.5
5.5
5.5
5.5
5.5
5.5
5.5
5.5
5.3
5.3
5.3
5.3
5.3
5.3
5.3
5.3
5.3
5.6
5.6
5.6
5.6
5.6
5.6
5.5
5.6
5.9
5.5
5.5
6.3
6.2
6.1
6.1
6.1
6.1
5.3
5.3
5.3
5.3
5.6
5.7
5.7
6.3
6.3
6.3
6.3
6.4
6.4
6.4
6.4
6.3
6.2
6.5
6.6
6.6
6.6
6.6
6.6
6.6
6.5
6.5
6.5
6.5
6.2
6.1
6.4
6.5
6.3
6.2
6.2
6.2
6.2
6
5.9
5.9
5.9
5.6
5.5
5.5
5.8
5.9
6
5.7
5.7
5.7
5.7
5.7
5.7
5.7
5.7
5.7
5.7
5.7
5.9
5.8
5.8
5.8
6.1
6.1
6.1
6.1
6.1
6.1
6.2
6.1
5.5
5.8
5.8
5.8
4.8
5.1
5.1
5.1
4.6
4.6
4.6
4.6
4.6
4.6
4.6
4.6
4.6
4.6
5.1
5.1
4.9
4.8
4.9
5.3
5.2
5.2
5.2
5.2
5.5
5.8
6.1
6.1
6.1
6.1
