5
5
5
5
5
7
9
8
9
8
9
9
9
9
9
9.3
9.3
9.3
9.3
9.3
9.3
9.3
9.3
9.3
9.3
9.3
9.3
9.3
9.3
9.3
9.3
9.3
9.3
9.3
9.3
9.3
9.5
10
10
10
10
10
10
10
10
10
10
10
10
10
10
10
10
10
10
10
10
10
10
10
10
6
8.6
9.3
9.4
9.4
9.4
9.4
9.4
9.4
9.4
9.4
9.4
9.3
9.1
8.9
8.9
8.9
8.9
8.9
8.9
8.9
8.8
8.6
8.6
8.7
8.8
8.8
8.7
8.7
8.7
9.1
9.4
9.7
9.8
9.8
9.8
9.8
9.8
9.8
9.8
9.5
9.5
9.5
9.5
9.5
9.5
9.5
9.7
9.7
9.7
9.4
9.4
10
9.4
10
9.4
10
9.4
10
9.4
10
9.4
10
9.4
10
9.4
10
9.4
10
9.4
10
9.4
10
9.4
10
9.4
10
9.5
10
9.5
10
9.5
10
9.5
10
10
10
10
10
10
10
10
10
10
10
10
10
10
10
10
10
10
10
6.6
8.3
8.5
8.5
8.5
8.7
8.6
8.6
8.6
8.6
8.6
8.6
8.6
8.3
8.4
8.3
8.3
8
8
8
8
8.3
8.4
8.4
8.4
8.4
8.5
8.5
8.5
8.7
9.3
9.4
9.5
9.5
9.5
9.4
9.5
9.7
9.7
9.7
9.7
9.7
9.7
9.7
9.7
9.7
9.7
9.7
9.7
9.7
9.7
9.4
9.4
9.4
9.4
9.4
9.4
9.4
9.4
9.4
9.4
9.4
9.4
9.4
9.4
9.4
9.4
9.4
9.4
9.4
9.4
9.4
9.4
9.4
9.4
9.4
9.4
9.4
9.4
9.4
9.4
9.4
9.4
9.4
9.4
9.4
9.4
9.4
9.4
9.4
9.4
9.4
9.4
9.4
9.4
9.4
9.4
9.4
9.4
9.4
9.4
9.4
9.4
9.4
9.4
9.4
9.4
9.4
9.4
9.4
9.4
9.4
9.4
9.4
9.4
9.4
7.8
8.6
7.8
8
7.8
7.7
7.7
7.7
7.9
7.9
7.9
7.9
8
8
8
8
8
8
8
8
8.1
8.6
8.9
9
8.9
8.9
8.9
8.9
8.9
8.9
8.9
8.9
8.9
8.9
8.9
9.2
9.3
9.3
9.3
9.3
9.3
9.4
9.6
9.7
9.7
9.7
9.7
10
10
10
10
10
10
10
10
10
8.8
9.5
9.4
9.4
9.4
9.4
9.4
9.4
9.4
9.4
9.3
9.3
9.3
9.3
9.3
9.2
9.1
9.1
9.1
9.1
9.1
9.1
9.1
9.1
9.1
9.1
9.1
9.1
9.1
8.9
8.9
8.9
8.9
8.9
8.6
8.6
8.6
8.6
8.6
8.6
8.7
8.7
8.9
9
9
9
9
9
9
9
9
9
9
9
9
9
9
9
9
9
8.9
8.9
8.9
8.9
9.2
9.7
9.6
9.6
9.7
9.7
9.7
9.7
9.7
9.7
9.7
9.6
9.6
9.6
9.6
9.6
9.6
9.6
9.6
9.6
9.6
9.6
9.6
9.6
9.6
9.6
9.7
9.7
9.7
9.7
9.7
9.7
9.8
9.8
9.8
9.8
9.8
9.8
9.8
9.7
9.8
9.9
9.9
9.9
9.9
9.9
9.9
9.9
9.9
10
10
10
10
10
10
10
10
10
10
10
10
10
10
10
10
10
10
10
10
10
9
10
9
10
9
10
9
10
9
10
9
9
9
9
9
9
9
9
9
9
9
9
9
9
9.7
9.5
9.4
9.4
9.4
9.4
9.8
9.5
9.3
9.1
9
8.9
8.9
9.2
9.3
9.3
9.3
9.3
9.3
9.4
9.4
9.4
9.5
9.5
9.5
9.5
9.5
9.5
9.5
9.5
9.6
9.6
9.6
9.6
9.6
9.6
9.6
9.6
9.6
9.6
9.6
9.6
9.6
9.6
9.6
9
9.5
9.4
9.4
9.4
9.4
9.4
9.2
9.3
9.3
9.3
9.2
9.3
9.2
9.3
9.2
9.3
9.2
9.3
9.2
9.3
9.2
9.4
9.4
9.4
9.4
9.4
9.4
9.4
9.4
9.5
9.6
9.6
9.6
9.6
9.6
9.6
9.6
9.6
9.6
9.6
9.6
9.6
9.6
9.6
9.6
9.6
9.6
9.6
9.6
9.6
9.6
9.4
9.4
9.4
9.4
9.4
9.4
9.4
9.4
9.4
9.4
9.4
9.4
9.4
9.4
9.4
9.4
9.4
9.4
9.4
9.4
9.5
9.5
9.5
9.5
9.5
9.5
9.5
9.5
9.5
9.5
9.7
9.7
9.7
9.7
9.7
9.7
9.7
9.7
9.7
9.7
9.8
9.9
10
10
10
10
10
10
10
10
10
10
10
10
10
9
9.8
9.7
9.7
9.7
9.7
9.7
9.7
9.7
9.7
9.7
9.7
9.7
9.7
9.7
9.7
9.6
9.4
9.5
9.5
9.5
9.5
9.2
9.1
9.1
9.1
9.1
9.3
9.3
9.3
9.4
9.5
9.5
9.5
9.5
9.5
9.5
9.4
9.4
9.5
9.5
9.5
9.6
9.7
9.7
9.7
9.7
9.7
9.7
9.7
9.7
9.7
9.9
9.9
9.9
9.9
9.9
9.9
9.9
9.9
9.9
9.9
9.9
9.9
9.9
9.9
9.9
9.9
9.9
9.9
9.9
9.9
9.9
9.9
9.9
9.9
9.9
9.9
9.9
9.9
10
10
10
10
10
10
10
10
10
10
9.6
9.8
9.8
9.8
9.8
9.8
9.8
9.8
9.8
9.8
9.8
9.7
9.7
9.7
9.7
9.7
9.7
9.7
9.7
9.7
9.6
9.6
9.6
9.6
9.6
9.6
9.6
9.6
9.6
9.5
9.6
9.6
9.6
9.7
9.7
9.7
9.7
9.7
9.7
9.7
9.7
9.8
9.9
9.9
9.9
9.9
9.9
9.9
9.9
9.9
9.9
9.9
9.9
9.9
9.9
9.9
9.9
9.9
9.9
9.9
9.9
9.9
9.9
9.9
9.9
9.9
9.9
9.9
9.9
9.9
9.9
9.9
9.9
9.9
9.9
9.9
9.9
9.9
9.9
9.9
9.9
9.9
9.9
9.8
9.8
9.8
9.8
9.8
9.8
9.8
9.8
9.8
9.8
9.6
9.7
9.6
9.7
9.6
9.7
9.7
9.7
9.7
9.7
9.7
9.7
9.7
9.7
9.7
9.7
9.7
9.7
9.7
9.7
9.7
9.7
9.7
9.7
9.7
9.7
9.7
9.7
9.7
9.7
9.7
9.7
9.7
9.7
9.7
9.7
9.9
9.9
9.9
9.9
9.9
9.9
9.9
9.9
9.9
9.9
9.9
9.9
9.9
9.9
9.9
9.9
9.9
9.9
9.9
9.7
9.9
9.7
9.9
9.7
9.9
9.7
9.9
9.7
9.9
9.7
9.9
9.7
9.9
9.7
9.9
9.7
9.8
9.9
9.8
9.9
9.8
9.9
9.8
9.9
9.8
9.9
9.8
9.9
9.8
9.8
9.8
9.8
9.8
9.8
9.8
9.8
9.8
9.8
9.8
9.7
9.7
9.7
9.7
9.7
9.7
9.7
9.7
9.7
9.7
9.7
9.7
9.7
9.7
9.7
9.7
9.7
9.7
9.7
9.7
9.8
9.9
9.9
9.9
9.9
9.9
9.9
9.9
9.8
9.8
9.8
9.8
9.8
9.8
9.8
9.8
9.8
9.8
9.8
9.8
9.8
9.8
9.8
9.8
9.8
9.9
9.9
9.9
9.9
9.9
9.9
9.9
9.9
9.9
9.9
9.9
9.9
9.9
10
9.9
10
9.9
10
9.9
10
9.9
10
9.9
9.8
9.8
9.8
9.8
9.8
9.8
9.8
9.7
9.7
