7
7
7
7
7
7
7
7
7
7
6.6
6.7
7.6
7.9
8
8
8.1
8.1
8.1
8.1
8.1
8.4
8.5
8.5
8.5
8.5
8.5
8.7
8.7
8.7
8.7
8.7
8.7
8.7
8.9
8.9
8.9
8.9
9
9
9.3
9.3
9.3
9.3
9.3
9.3
9.3
9.3
9.3
9.3
9.4
9.4
9.4
9.4
9.4
9.4
9.4
9.4
9.6
9.7
9.7
9.7
9.8
9.8
9.8
9.7
9.7
9.7
9.7
9.7
9.7
9.7
9.7
9.7
9.7
9.7
9.7
9.7
9.7
9.6
9.6
9.4
9.4
9.4
9.4
9.3
9.3
9.3
9.1
9.1
9.1
8.9
8.9
8.8
8.7
8.7
8.7
8.8
8.9
8.9
8.9
8.9
8.7
8.6
8.6
8.6
8.4
8.3
8.3
8.3
8.3
8.3
8.3
8.3
8.3
8.3
8.5
8.5
8.5
8.5
8.5
8.5
8.5
8.6
8.6
8.6
8.6
8.4
8.3
8.3
8.3
8.3
8.1
8
8
8
8.1
8.1
8.1
8.1
8.1
8.1
8.1
8.1
8.1
8
7.7
7.7
7.7
7.7
7.7
7.7
7.7
7.7
7.7
7.7
7.7
7.6
7.6
7.6
7.5
7.5
7.6
7.6
7.6
7.6
7.6
7.6
7.6
7.6
7.9
8.4
8.5
8.6
8.6
8.5
8.6
8.6
8.6
8.6
8.8
8.8
8.8
8.8
8.8
8.8
8.9
8.9
8.9
9.1
9.1
9.1
9.2
9.2
9.2
9.2
9.2
9.2
9.2
9.2
9.2
9
9
9
9
9.5
9.7
9.9
9.9
9.9
9.9
9.9
9.9
9.9
9
9.2
9.3
9.3
9.3
8.7
8.7
8.7
8.7
8.7
9
9.1
9.1
9.1
9.1
9
9.1
9.1
9.1
9.1
9.1
9.1
9.1
8.7
8.7
8.5
8.4
8.4
8.4
8.4
8.3
8.3
8.3
8.3
8.3
8.3
8.3
8.2
8.2
8.3
8.2
8.1
8.1
8.1
8.1
8
7.8
7.8
7.8
7.8
7.8
7.9
7.9
8.2
8.3
8.6
8.8
8.9
8.9
8.8
8.9
9
9
9
9
9.1
9
9
9
8.9
8.9
8.9
8.9
8.9
8.9
9.1
9.1
9.1
9
9
9
8.9
8.9
8.9
8.9
8.8
8.7
8.7
8.7
8.8
8.8
8.8
8.8
8.8
8.8
8.4
8.2
8
8
8
8
8
8
8
7.9
7.9
8.2
8.5
8.8
8.9
9
9
9
9
9
9
9
9
9
9
9
9
9
9.1
9.2
9.2
9.2
9.2
9.1
9.1
9.1
9.1
9.1
9.2
9
8.9
8.7
8.6
8.5
8.4
8.4
8.4
8.4
8.4
8.4
8.4
8.4
8.4
8.4
8.4
8.4
8.4
8.4
8.3
8.2
8.1
8
8
8
8
8
7.9
7.9
7.6
7.7
8.2
8.5
8.6
8.6
8.8
8.8
8.8
8.7
8.7
8.7
8.7
8.9
9
9
9
9
9
9
9
9.1
9.1
9.1
9.1
9.1
9.1
9.1
9.3
9.3
9.3
9.3
9.2
8.8
8.8
8.8
8.8
8.8
8.6
8.6
8.6
8.6
8.6
8.3
8.2
8.2
8.2
8.2
8.4
8.4
8.4
8.4
8.4
8.4
8.4
8.4
8.4
8.4
8.3
8.3
8.3
8.3
8.3
8.5
8.6
8.8
8.8
8.8
9.1
9.2
9.2
9.2
9.2
9.2
9.2
9.2
9.2
9.2
9
8.9
9
9
9
9
9
9
9
9
9.1
9.1
9.1
9.2
9.2
9.1
9.1
9
9
9
9
9
9
9
9.1
9
9.1
9.1
9.1
9.1
9.3
9.3
9.1
9.1
9.2
9.2
9.3
9.3
9.3
9.1
9.1
9.1
9.1
9.1
9.1
9.1
9.1
9.1
9
9
9
9
8.9
8.9
8.8
8.9
8.9
8.9
8.9
8.9
8.9
8.9
8.9
8.9
8.8
8.7
8.6
8.7
8.7
8.9
8.9
8.9
8.8
8.8
8.7
8.7
8.7
8.7
8.7
8.7
8.7
8.8
8.9
8.9
9
9
9
9
9
8.9
8.9
9
9
9
9
9
9
8.9
8.9
8.9
9
9
9
9
9.1
9.2
9.2
9.2
9.2
9.2
9.2
9.1
9.1
9.1
9
8.9
8.9
8.9
8.9
9.1
9.1
8.9
9.1
9.2
9.2
9.2
9.2
9.4
9.1
9.2
9.2
9.2
9.2
9.2
9.2
8.7
8.8
8.9
8.9
8.8
8.8
8.8
8.8
8.8
8.7
8.7
8.7
8.7
8.7
8.7
8.7
8.7
8.7
8.7
8.6
8.5
8.3
8.2
8.2
8.5
8.6
8.6
8.6
8.5
8.4
8.7
8.7
8.7
8.7
8.7
8.7
8.7
8.7
8.9
9.1
9.1
9.1
9.4
9.5
9.5
9.5
9.5
9.5
9.5
9.5
9.5
9.5
9.5
9.5
9.4
9.4
9.5
9.5
9.5
9.5
9.4
9.5
9.6
9.4
9.3
9.3
9.3
9.4
9.4
9.4
9.4
9.4
9.4
9.3
9.3
9.3
9.3
9.3
9.3
9.3
9.3
9.3
9.3
9.3
9.3
9.3
9.1
8.8
8.6
8.5
8.5
8.5
8.5
8.7
8.7
8.7
8.7
8.3
8.3
8.3
8.1
8
8
8.4
8.5
8.5
8.5
8.5
8.5
8.5
8.5
8.5
8.5
8.5
8.5
8.5
8.5
8.9
9.9
9.4
9.4
9.4
9.4
9.4
9.4
9.4
9.4
9.4
9.4
9.5
9.5
9.4
9.4
9.1
8.9
8.7
8.5
8.9
9
9.1
9.1
9.1
9.1
9.1
9.1
9.1
9.1
9.1
9.1
9.1
9.1
9.1
9.1
9.1
8.8
8.7
8.6
8.6
8.6
8.6
8.6
8.7
8.7
8.7
8.7
8.7
8.7
8
7.7
7.8
7.9
7.8
7.8
7.8
8.2
8.6
8.7
8.7
8.7
8.7
8.7
8.5
8.4
8.2
8.7
8.9
9
9
9
9.1
9.1
9.1
9.1
9.1
9.1
9.1
9.1
9.1
9.1
9.1
9.1
9.1
9.1
8.9
8.8
8.8
8.8
8.8
8.7
8.6
8.6
8.7
8.7
8.8
8.6
8.6
8.6
8.6
8.6
8.4
8.6
8.4
8.2
8.1
8
8
8
8
8
8
8
8
8
8.2
8.3
8.3
8.3
8.3
9
9
9
9
9
9.1
9.2
9.3
9.3
9.3
9.3
9.3
9.3
9.3
9.5
9.5
9.5
9.5
9.5
9.5
9.5
9.5
9.5
9.5
9.6
9.3
9.2
9.2
9.1
9
8.9
8.8
8.8
8.8
8.8
8.7
8.7
8.5
8.4
8.4
8.3
8.1
8
8
8
8
8
8
8
7.9
7.9
7.9
7.9
7.9
7.6
7.7
7.7
7.7
7.7
7.8
7.8
7.8
7.8
7.8
7.8
7.8
7.8
8.2
8.2
8.2
8.6
8.8
8.8
8.8
8.8
9.2
9.2
9.2
9.2
9.2
9.2
9.2
9.3
9.3
9.3
9.3
9.3
9.3
9.3
9.3
9.3
9.3
9.3
9.3
9.3
9.3
9.3
9.3
9.3
9.3
9.3
9.3
9.3
9.3
9.4
9.4
9.4
9.4
9.4
9.4
9.4
9.4
9.4
9.4
9.4
9.4
9.4
9.4
9.4
9.4
9.4
9.4
9.4
9.7
9.7
9.7
9.7
9.7
9.7
9.7
9.7
9.7
9.7
9.7
9.7
9.7
9.2
9.3
9.3
9.3
9.3
9.3
9.3
9.3
9.3
9.3
9.3
9.3
9.3
9.3
9.3
9.3
9.3
9.4
9.5
9.5
9.5
9.5
9.5
9.6
9.6
9.6
9.6
9.6
9.6
9.6
9.6
9.6
9.6
9.6
9.7
9.7
9.7
