2
2
6
6
6
9
10
10
6
9
8
8.3
8.3
8.7
8.8
8.8
8.8
9
9
9
9
9
9
8.6
8.8
8.7
8.8
8.6
8.6
8.6
8.6
8.6
8.6
8.6
8.6
8.6
8.4
8.4
8.8
8.7
8.8
8.7
8.9
8.7
8.7
8.7
8.7
8.4
8.4
8.4
8.7
8.7
8.7
9
9
9
9
10
10
10
10
10
10
10
10
10
10
10
10
10
10
10
10
10
10
10
10
10
10
10
10
10
10
10
10
4
7.2
8.5
8.6
8.6
8.6
8.6
8.8
8.7
8.7
8.7
8.5
8.5
8.7
8.7
8.9
8.9
8.9
8.3
8.6
8.6
8.6
8.6
8.8
8.7
8.8
8.5
8.5
8.5
8.5
9.1
9.5
9.5
9.5
9.2
9.5
9.3
9.3
9.3
9.4
9.2
9.2
9.2
9.2
8.9
8.9
8.9
8.9
8.9
8.9
8.9
8.9
8.9
8.8
8.8
8.8
8.8
8.8
8.8
8.8
8.8
8.8
8.8
8.8
8.8
8.8
8.7
8.7
8.7
8.6
8.6
8.6
8.6
8.4
8.8
8.9
9.2
9.2
6.1
7.4
7.9
7.9
7.9
7.9
7.9
7.9
7.9
7.3
7.5
7.5
7.3
7.5
7.6
7.3
7.3
7.3
7.2
7.2
7.2
7.2
7.2
7.2
7.3
7.3
7.3
7.3
7
7
7.2
7.2
7.2
7.2
7.1
7.1
7.1
7.1
7.7
8.3
8.5
8.5
8.5
8.5
8.5
9.4
9
9.2
9.1
9.2
9.1
9.2
9.1
9.2
9.1
8.7
8.5
8.3
8.6
8.6
8.6
8.6
8.6
8.6
8.6
8.6
8.6
8.6
8.6
8.3
8.3
8.3
8.3
8.3
8.3
8.3
8.3
8.3
8.3
8.3
8.3
8.3
8.3
8.3
8.3
8.5
8.5
8.8
8.6
8.4
8.4
8.4
8.4
8.4
8.4
8.4
8.4
8.4
8.4
8.4
8.4
8.7
8.9
8
8.7
8.5
8.5
8.5
8.7
8.7
8.7
8.7
8.7
8.7
8.7
8.6
8.6
8.6
8.6
8.6
8.6
8.6
8.6
8.6
8.7
8.7
8.7
8.7
8.7
8.7
8.7
8.7
8.7
8.9
9
9
9
9
8.7
8.7
8.7
8.7
8.7
8.7
8.7
8.9
8.9
8.9
8.9
8.9
8.9
8.7
8.7
8.7
8.8
8.8
8.8
8.8
8.8
8.8
8.8
8.8
8.8
8.8
8.8
8.8
8.8
8.8
8.8
8.8
8.8
8.8
8.8
8.8
8.8
8.8
8.8
8.8
8.8
8.8
8.8
8.8
8.8
8.8
8.8
8.8
8.8
8.8
8.8
8.8
8.8
9.2
8.8
9.2
8.8
9.2
8.8
9.2
8.8
9.2
8.8
9.2
8.8
9.2
8.8
9.2
9.2
9.2
9.2
9.2
9.2
9.2
9.2
9.2
9.2
9.2
9.2
9.2
9.2
9.2
9.2
9.2
9.2
9.2
9.2
9.2
9.2
9.2
9.2
9.2
9.2
9.2
9.2
9.2
9.2
9.2
9.2
9.2
9.3
9.3
9.6
9.6
9.6
9.6
9.6
9.6
9.6
9.6
9.6
9.6
9.6
9.6
9.7
9.7
9.7
9.7
9.7
9.7
9.7
9.7
9.7
9.2
9.6
9.4
9.5
9.5
9.5
9.5
9.5
9.5
9.5
9.5
9.4
9.4
9.4
9.4
9.4
9.4
9.4
9.4
9.4
9.4
9.2
9.2
9.2
9.2
9.2
9.6
9.2
9.6
9.4
9.7
10
10
10
10
10
10
10
10
9.2
9.8
9.7
9.7
9.7
9.7
9.7
9.7
9.7
9.7
9.7
9.7
9.7
9.7
9.8
9.8
9.8
9.8
9.8
9.8
9.8
9.7
9.7
9.7
9.7
9.6
9.6
9.6
9.6
9.6
10
10
10
10
10
10
10
10
10
10
10
10
10
9.6
9.8
9.8
9.8
9.8
9.8
9.8
9.8
9.8
9.8
9.8
9.8
9.8
9.8
9.8
9.8
9.8
9.8
9.8
9.8
9.8
9.8
9.8
9.8
9.7
9.8
9.7
9.8
9.6
9.6
9.6
9.6
9.6
9.6
9.6
9.6
9.6
9.6
9.6
9.6
9.6
9.6
9.6
9.6
9.6
9.6
9.6
9.6
9.6
9.2
9.4
9.2
9.2
9.2
9.2
9.2
9.2
9.2
9.2
9.2
9.2
9.2
9.2
9.2
9.2
9.2
9.2
9.3
9.2
9.2
9.2
9.2
9.2
9.2
9.2
9.3
9.2
9.2
9.2
9.2
9.2
9.3
9.3
9.3
9.3
9.3
9.3
9.3
9.3
9.3
9.4
9.4
9.4
9.4
9.4
9.6
9.7
9.7
9.7
9.7
9.7
9.7
9.7
9.7
9.7
9.7
9.7
9.7
9.7
9.7
9.7
9.7
9.7
9.6
9.6
9.6
9.6
9.6
9.6
9.6
9.6
9.6
9.7
9.7
9.7
9.7
9.7
9.7
9.7
9.7
9.7
9.7
9.7
9.7
9.7
9.7
9.7
9.7
9.7
9.7
9.7
9.7
9.7
9.8
9.8
9.8
9.8
10
9.8
10
9.8
10
9.8
10
9.7
9.8
9.8
9.8
9.8
9.8
9.8
9.8
9.8
9.8
9.8
9.8
9.8
9.6
9.7
9.6
9.7
9.6
9.7
9.6
9.7
9.6
9.7
9.6
9.7
9.6
9.7
9.6
9.7
9.6
9.6
9.6
9.6
9.6
9.6
9.6
9.6
9.6
9.6
9.6
9.6
10
10
10
10
10
10
9.5
9.8
9.7
9.8
9.7
9.5
9.7
9.5
9.7
9.5
9.7
9.5
9.7
9.5
9.7
9.5
9.7
9.5
9.7
9.5
9.7
9.5
9.7
9.5
9.7
9.5
9.7
9.5
9.7
9.5
9.8
9.9
9.9
9.9
9.9
9.9
9.9
9.9
9.9
9.9
9.9
9.9
9.9
9.9
9.9
9.9
9.9
10
10
10
10
10
10
10
10
10
10
10
10
10
10
10
10
10
10
10
10
10
10
10
10
10
10
10
10
9.9
10
10
10
10
10
10
10
9.8
9.9
9.9
9.7
9.8
9.8
9.8
9.8
9.8
9.8
9.8
9.9
9.9
9.9
9.9
9.9
9.9
9.9
9.9
9.9
9.9
9.9
9.9
9.9
9.9
9.9
9.9
9.9
9.9
9.9
9.9
9.9
9.9
9.9
9.9
9.9
9.9
9.9
9.9
9.9
9.9
9.9
10
9.9
10
9.7
9.9
9.7
9.8
9.8
9.8
9.8
9.8
9.8
9.8
9.8
9.8
9.8
9.8
9.8
9.8
9.8
9.8
9.8
9.8
9.8
9.8
9.8
9.8
9.8
9.7
9.7
9.5
9.6
9.7
9.6
9.7
9.6
9.7
9.6
9.7
9.6
9.7
9.6
9.7
9.6
9.6
9.6
9.7
9.7
9.7
9.7
9.7
9.7
9.7
9.7
9.7
9.7
9.8
9.7
9.7
9.7
9.8
9.8
9.8
9.8
9.8
9.8
9.8
9.8
9.8
9.9
9.9
9.9
9.9
9.9
9.9
9.9
9.9
9.9
9.9
9.9
9.9
9.9
9.9
9.9
9.9
9.9
9.9
9.9
9.9
9.9
9.9
9.9
9.9
9.9
9.9
9.9
9.9
9.9
9.9
9.9
9.9
9.9
9.9
9.9
9.9
9.9
9.9
9.9
9.9
9.9
9.9
9.9
9.9
9.9
9.9
9.9
9.9
10
10
10
10
9.9
9.9
9.9
9.9
9.9
9.9
9.9
9.9
9.9
9.9
9.9
9.9
9.9
9.9
9.9
9.9
9.9
9.9
9.9
9.9
9.9
9.9
9.9
9.9
9.9
9.9
9.9
9.9
9.9
9.9
9.9
9.9
9.9
9.9
9.9
9.9
9.9
9.9
9.9
9.9
9.9
9.9
9.9
9.9
9.9
9.9
9.9
9.9
