7
3
3
6
3.5
4.5
4.2
4.2
4.2
4.2
4.2
4.2
3.8
3.7
3.7
4.5
4.3
4.3
4.3
4.3
4.4
4.9
4.9
4.6
4.6
4.6
4.6
4.6
4.4
4.3
4.4
4.5
4.6
4.4
4.4
4.5
4.4
4.9
5
5.4
5.3
5.2
5.4
5
5
4.8
4.7
4.7
4.7
4.8
4.8
4.5
4.5
4.6
4.5
4.8
4.7
4.8
5
5
5
5
5.1
5.3
5.3
5.3
5.3
4.8
4.8
4.4
4.4
4.4
4.7
5
5.1
5.1
5.1
5.1
5.1
4.9
5
5
5
5
5.1
4.7
4.6
4.6
4.6
4.6
4.6
4.6
4.4
4.2
4.1
4.1
4.1
4.2
4.5
4.8
4.8
6
5.8
5.8
5.8
5.8
5.7
5.5
5.5
5.5
5.5
5.2
5.2
4.9
5.2
5.3
5.3
5.3
5.3
5.3
5.3
5.3
5.3
5.3
5.1
5.1
5.3
5.3
5.1
5.2
5.1
5
5
5.1
5.1
5.1
5
5.1
5.1
5.1
5.1
5.2
5.2
5.4
5.3
5.1
5.2
5.1
5.2
5.1
5.2
5
5.2
5.2
5.4
5.6
5.4
5.4
5.4
5.6
5.6
5.9
5.9
5.9
5.9
5.9
6.2
6.2
6.2
6.2
6.3
6.4
6.4
6.3
6.3
6.3
6.3
6.3
6.3
6.3
6.3
6.6
6.6
6.6
6.4
6.3
6.4
6.4
6.4
6.3
6.2
6.2
6.2
6.2
6.2
6.2
6.1
6.1
6.1
5.9
6
5.5
5.3
5.3
5.3
5.3
5.3
5.3
5.2
5
5
5
5
5
4.9
4.9
4.7
4.7
4.6
4.7
4.7
4.7
4.6
4.6
4.6
4.6
4.6
4.7
4.7
4.6
4.5
4.6
4.6
4.6
4.6
4.6
4.9
4.9
4.9
5
5
5
5
4.9
5
5
5
5
5.1
5.1
5
5
5
5
5
5
5
4.9
4.9
4.9
4.9
4.9
5
4.9
4.9
4.9
4.6
4.6
4.6
4.6
4.6
4.6
4.6
4.6
4.6
4.6
4.7
4.8
4.5
4.5
4.6
4.7
4.9
4.9
4.8
4.8
4.8
4.8
4.8
4.8
4.8
4.7
4.4
4.8
4.7
4.7
4.7
5.1
4.8
4.8
4.8
4.1
4.1
3.9
3.9
3.9
3.8
3.8
4.2
4.2
4.2
4.2
4.2
4.2
4.1
4.1
4.1
4.1
4.1
4.1
3.8
3.7
3.7
3.7
3.7
4.1
4.1
4
4.2
4.6
4.7
4.7
4.7
4.8
4.8
4.8
4.9
4.9
4.8
5
5.1
5.2
5.2
5.2
5.5
5.5
5.5
5.5
5.5
5.2
5.6
5.7
5.4
5.4
5.4
5
5
5
5
4.5
4.4
4.5
4.5
4.5
4.5
4.5
4.5
4.5
5
4.7
4.7
4.5
4.5
4.5
4.5
4.5
4.5
4.5
4.5
4.7
4.8
4.8
5
5
5
5.2
5.1
5.2
5.1
5
5
5
5
5
5
5
5
5
4.4
3.8
3.9
3.8
3.9
3.8
3.9
3.8
3.9
3.4
3.5
3.5
3.5
3.5
3.5
3.5
3.5
3.6
3.6
3.5
3.6
3.6
3.6
3.6
3.6
3.6
3.6
3.6
3.6
3.4
3.5
3.4
3.4
3.4
3.4
3.4
3.3
3.7
3.7
3.7
3.8
3.8
4.3
4.2
4.2
4.2
4.2
4.2
4.2
4.2
4.3
4.3
4.3
4.3
4.3
4.3
4.3
4.3
4.3
4.4
4.4
4.7
4.7
4.7
4.7
4.7
4.7
4.5
4.6
4.6
4.6
4.6
4.2
4.4
4.5
4.5
4.6
4.6
5.1
5.5
5.5
5.5
5.5
5.5
5.5
5.5
5.8
5.8
5.8
6.2
5.7
5.5
5.3
5.2
5.2
5
5
5
5
5
5
5
5
5.8
6.3
6.3
6.5
6.5
6.6
6.7
6.7
6.7
6.7
6.7
6.7
6.7
6.7
6.8
6.8
6.8
7.1
7.2
7.4
7.7
7.7
8.4
8.7
9
8.9
8.9
8.9
8.9
8.9
8.9
8.8
8.8
8.7
8.8
8.8
8.8
8.8
9.1
9.2
9.2
9.2
9.2
9.2
9.2
9.2
9.2
9.2
9.2
9.2
9.2
9.2
9.2
9
9
9
9
9
9
9
9
9
9
9
9
9
9.1
9.2
9
8.8
8.8
8.8
8.8
8.7
8.7
8.7
8.7
8.7
8.7
8.7
8.5
8.5
8.5
8.8
8.6
8.5
8.7
8.7
8.7
8.7
8.7
8.7
8.7
8.7
8.7
8.7
8.4
8.3
8.3
8.3
9
8.9
8.8
8.8
8.8
8.8
8.8
8.8
8.8
8.8
8.8
8.8
8.8
8.8
9
9
8.9
8.9
8.9
8.9
8.9
8.9
8.9
8.9
9
9
9
9
9
9
8.9
8.9
8.9
8.9
8.9
8.9
8.9
8.9
9.1
9.1
9.3
9.3
9.3
9.3
9.2
9.2
9
9
9
9
9
9
9
9
8.5
8.3
8.3
8.3
8.3
8.3
8.3
8.3
9.6
8.8
8.8
8.3
8.3
8.3
8.3
8.3
8.3
8.3
8.3
8.3
8.3
8.3
8.3
8.3
8.4
8.4
8.4
8.4
8.4
8.4
8.4
8.4
8.4
8.4
8.4
8.4
8.4
8.4
8.1
8
7.7
7.9
8
8
8.2
8.4
8.9
9
9
9
9
9
9
9
9
9.2
9.2
9.2
9.2
9.2
9.2
9.2
9.3
9.2
9.3
9.2
9.3
9.3
9.3
9.3
9.7
9.6
9.6
9.7
9.7
9.7
9.7
9.6
9.6
9.6
9.6
9.6
9.6
9.6
9.6
9.5
9.5
9.5
9.5
9.6
9.6
9.6
9.6
9.6
9.6
9.6
9.4
9.3
9.3
9.3
9.3
9.3
9.3
9
9
9
9
9
9
9
9
9.1
9.1
9.1
9.1
9.1
9.1
9.1
9.1
9.1
9.1
9
9
9
9
9
9.1
9.1
9.1
9.1
9.1
9.1
9.1
9.1
9.1
9.3
9.2
9.2
9.4
9.4
9.4
9.4
9.5
9.3
9.3
9.3
9.4
9.3
9.3
9.3
9.3
9.3
9.3
9.3
9.3
9.2
9.2
9.2
9.2
9.2
9.2
9.3
9.3
9.3
9.3
9.2
9.2
9.2
9.2
9.2
9.2
9.2
9
9.1
9.2
9.2
9.2
9.3
9.3
9.3
9.3
9.3
9.3
9.3
9.3
9.7
9.7
9.6
9.4
9.3
9.3
9.1
9
8.9
8.8
8.8
8.8
8.8
8.5
8.3
8.2
8.2
8.2
8.2
8.2
8.2
8.2
8.2
8.4
8.6
8.7
8.7
8.7
8.7
8.7
8.7
8.7
8.8
8.9
8.9
8.9
8.9
8.9
8.9
8.9
8.9
8.9
8.9
8.9
8.9
8.9
8.9
8.9
8.9
8.9
8.9
8.9
8.9
8.7
8.8
8.9
8.9
8.9
8.9
8.9
8.9
9.1
9.4
9.4
9.7
9.7
9.7
9.7
9.7
9.7
9.4
9.7
9.4
9.7
9.4
9.7
9.4
9.7
9.4
9.7
9.4
9.7
9.4
9.7
9.4
9.7
9.5
9.6
9.6
9.6
9.6
9.6
9.6
9.6
9.5
9.5
9.5
9.5
9.5
9.5
9.6
9.6
9.4
9.5
9.5
9.5
9.5
9.5
9.5
9.5
9.5
9.5
9.5
9.5
9.5
9.5
9.5
9.3
9.4
9.4
9.4
9.2
9.2
9.2
9.2
9.2
9.1
9.1
9.1
9.1
9.2
9.2
9.3
9.1
9.1
9.1
9.1
9.1
9
9
9
9
9
9
9
9
9
9
9
9
9
9.1
9.2
9.2
9.2
9.2
9.3
9.3
9.4
9.3
9.2
