4
4
8
10
10
10
10
10
10
10
10
10
10
10
10
10
10
10
10
10
10
10
10
10
10
10
10
10
6
8.1
8.8
8.7
8.8
8.5
8.5
8.5
8.5
8.5
8.5
8.5
8.5
8.5
8.5
8.8
9
8.7
9
9
9
9
9
7.4
8.1
8.1
8.1
8.1
8.2
8.1
8.4
8.6
8.6
8.6
8.5
8.5
8.6
8.7
8.7
8.8
8.8
8.8
8.8
8.8
8.6
8.6
8.5
8.5
8.4
8.3
8.3
8.5
8.4
9.2
9.5
9.5
9.5
9.5
9.5
9.5
9.6
9.6
9.6
9.6
9.6
9.6
9.6
9.5
9.5
9.4
9.5
9.5
9.5
7.9
8.9
8.9
8.9
9.4
9.4
9.4
9.4
9.2
9.4
9.2
9.4
9.2
9.4
9.1
9.2
9.3
9.2
9.3
9.2
9.3
9.2
9.3
9.2
9.3
9.2
9.3
9.2
9.3
9.2
9.3
9.2
9.3
9.2
9.2
9.1
9.1
9.1
9.1
9.1
9.1
9.1
9.1
9.1
9.2
9.2
8.9
9
9
9
9.2
9.1
9.1
9.1
9.1
9.1
9.2
9.2
8.5
8.6
8.6
8.6
8.6
8.6
8.7
8.7
8.7
8.7
8.7
8.7
8.7
8.7
8.7
8.7
8.6
8.6
8.6
8.6
8.6
8.6
8.4
8.4
8.6
8.5
8.5
8.5
8.3
8
8.3
8.3
8.3
8.3
8.3
8.2
7.9
7.9
7.9
7.9
7.9
7.9
8.3
8.3
8.3
8.3
8.3
8.3
8.3
8.5
8.5
8.5
8.4
8.4
8
8
8
8
8
8.2
8.2
8.2
8.2
8.2
8.2
8.2
8.2
8.2
8.1
8.1
8.1
8.1
8.1
8.1
8.1
8.1
8.1
8.1
8.1
7.9
8.2
8.2
8.3
8.3
8.9
9.3
9.3
9.3
9.3
9.3
9.3
9.3
9.3
9.3
9.3
9.3
9.3
9.3
9.3
9.3
9.3
9.3
9.3
9.3
9.3
9.3
8.6
8.7
8.7
8.7
8.6
8.5
8.5
8.5
8.5
8.5
8.2
8.2
8.2
8.2
8.2
8
7.9
7.9
7.9
7.9
7.8
7.9
7.9
7.9
7.9
7.6
8
8
8.1
8.1
8.2
8.3
8.3
8.3
8.3
8.3
8.7
8.7
8.7
8.7
8.7
8.7
8.7
8.7
8.7
8.7
8.9
9
9
9
9
9
9
9
9
9.2
9.2
9.2
9.2
9.2
7.5
8.5
8.5
8.6
8.6
8.6
8.6
8.6
8.6
8.6
8.7
8.7
8.7
8.7
8.6
8.6
8.4
8.5
8.6
8.6
8.6
8.6
8.6
8.6
8.7
8.7
8.7
8.7
8.7
8.7
9
9
9
9
9
9
9.2
9.4
9.2
9.3
9.3
9.3
9.3
9.3
9.3
9.3
9.3
9.3
9.1
9
9
9
9
9
9
9
9
9
9
9
9
9
9
9
9
9
9
8.8
8.7
8.7
8.7
8.7
8.7
8.7
8.7
8.7
9.5
9.7
9.8
9.7
9.7
9.7
9.7
9.7
9.7
9.5
9.5
9.5
9.5
9.5
9.5
9.3
9.3
9.3
9.3
9.3
9.4
9.3
9.3
9.3
9.3
9.3
9.4
9.4
9.4
9.6
9.6
9.6
9.6
9.6
9.6
9.6
9.6
9.6
9.6
9.9
10
10
10
10
10
10
9.2
9.7
9.7
9.7
9.7
9.7
9.7
9.7
9.8
9.8
9.8
9.8
9.8
9.7
9.7
9.7
9.7
9.7
9.7
9.7
9.7
9.7
9.7
9.7
9.7
9.7
9.7
9.6
9.6
9.6
10
10
10
10
10
10
10
10
10
10
10
10
10
10
9.9
10
9.9
10
9.9
10
9.9
10
9.9
10
9.9
9.8
9.8
9.8
9.8
9.8
9.8
9.5
9.3
9.3
9.2
9.2
9.2
9.2
9.3
9.3
9.3
9.3
9.2
9.2
9.2
9.2
9.2
9.2
9.2
9.2
9.2
9.2
9.2
9.2
9.2
9.2
9.2
9.2
9.2
9.2
9.3
9.5
9.6
9.6
9.6
9.6
9.6
9.6
9.6
9.6
9.6
9.6
9.6
9.6
9.6
9.6
9.6
9.6
9.6
9.6
9.6
9.6
9.6
9.6
9.6
9.6
9.6
9.6
9.6
9.6
9.6
9.6
9.6
9.6
9.6
9.6
9.6
9.5
9.6
9.5
9.6
9.5
9.6
9.5
9.6
9.5
9.6
9.5
9.6
9.5
9.6
9.5
9.6
9.5
9.6
9.5
9.6
9.5
9.6
9.5
9.6
9.5
9.6
9.5
9.7
9.7
9.7
9.7
9.7
9.7
9.7
9.7
9.7
9.7
9.7
9.7
9.7
9
9.5
9.6
9.6
9.6
9.6
9.6
9.6
9.6
9.6
9.6
9.6
9.6
9.6
9.6
9.6
9.6
9.6
9.6
9.6
9.7
9.6
9.7
9.6
9.7
9.6
9.6
9.6
9.6
9.6
10
9.7
9.8
9.7
9.8
9.7
9.8
9.7
9.9
9.8
9.8
9.8
9.8
9.8
9.8
9.8
9.8
9.8
9.7
9.7
9.5
9.5
9.5
9.5
9.5
9.5
9.5
9.5
9.5
9.5
9.5
9.5
9.5
9.5
9.5
9.5
9.5
9.5
9.3
9.2
9.3
9.2
9.3
9.2
9.3
9.2
9.3
9.2
9.6
9.5
9.6
9.5
9.6
9.5
9.6
9.5
9.6
9.6
9.6
9.6
9.6
9.6
9.6
9.6
9.6
9.6
9.6
9.6
9.6
9.6
9.7
9.7
9.7
9.7
9.8
9.9
9.9
9.9
9.9
9.9
9.9
9.9
9.9
9.9
9.9
9.9
9.9
9.9
9.9
9.9
9.9
9.9
9.9
9.7
9.7
9.7
9.7
9.7
9.7
9.7
9.6
9.6
9.6
9.6
9.6
9.6
9.6
9.6
9.6
9.5
9.5
9.5
9.5
9.5
9.5
9.5
9.5
9.6
9.6
9.6
9.6
9.6
9.6
9.9
9.9
10
10
10
10
10
10
10
10
10
10
10
10
10
10
10
10
10
10
10
10
10
10
10
10
10
10
10
10
10
10
10
10
10
10
9.7
9.9
9.7
9.9
9.7
9.9
9.7
9.9
9.7
9.9
9.7
9.9
9.7
9.9
9.7
9.9
9.7
9.9
9.7
9.9
9.7
9.9
9.7
9.9
9.7
9.9
9.7
9.9
9.7
9.9
9.7
9.9
9.9
9.9
9.9
9.9
9.9
9.9
9.9
9.9
9.9
9.9
9.9
9.9
9.9
9.9
9.9
9.9
9.9
9.9
9.9
9.9
9.9
9.9
9.9
9.9
9.9
9.9
9.9
9.9
9.9
9.9
10
9.9
10
9.9
10
9.9
10
9.9
10
9.9
10
9.9
10
9.9
10
10
10
10
10
10
10
10
10
10
10
9.9
10
9.9
10
9.9
9.9
9.9
9.9
9.6
9.7
9.7
9.8
9.8
9.8
9.8
9.8
9.8
9.8
9.8
9.8
9.8
9.8
9.8
9.8
9.8
9.8
9.8
9.8
9.8
9.8
9.8
9.8
9.8
9.8
9.8
9.8
9.8
9.8
9.8
9.8
9.8
9.8
9.8
9.8
9.8
9.8
9.8
9.8
9.8
9.8
9.8
9.8
9.8
9.8
9.9
9.8
9.9
9.8
9.9
9.8
9.9
9.8
9.9
9.8
9.9
9.8
9.9
9.8
9.9
9.8
9.9
9.8
9.9
9.8
9.9
9.8
9.9
9.8
9.9
9.8
9.9
9.8
9.9
9.9
9.9
9.9
9.9
9.9
9.9
9.9
9.9
9.9
9.9
9.9
9.9
9.9
9.9
9.9
9.9
9.9
9.9
9.9
9.9
9.9
10
10
10
10
10
10
10
