4
4
4
4
4
8
7
8
7
8.7
6.3
7.6
7.5
7.5
7.5
7.5
7.5
7.9
7.9
7.9
7.6
7.6
7.6
7.6
7.6
7.6
7.8
7.4
7.4
7.4
7.4
7.4
7.5
7.7
7.8
7.8
7.9
8.1
7.7
7.5
8
7.8
7.9
7.5
7.5
7.3
7.3
7
6.7
6.7
6.7
6.7
6.7
6.8
6.7
6.7
6.5
6.7
6.7
6.7
6.7
6.7
6.1
5.8
5.7
5.6
5.6
5.4
5.6
5.6
5.6
5.6
5.3
5.5
5.8
6.2
6.5
6.7
7.1
7.1
7.1
7.1
6.7
6.5
6.4
6.4
6.4
6.4
6.6
6.7
6.7
6.6
7
7
6.8
6.8
6.8
6.9
7.1
6.8
6.8
7.1
7.1
7.1
7.1
7.1
6.9
6.9
6.9
6.9
6.9
6.9
7.2
7.2
7.4
7.4
7.4
7.4
7.4
7.4
7.1
6.7
6.7
6.4
6.5
6.6
6.7
6.4
6.3
6.4
6.4
6.2
6.2
6.2
6.2
6
6
5.8
5.8
5.5
5.6
5.6
5.6
5.6
5.6
5.8
5.9
5.9
5.9
5.9
5.8
6.2
6.3
6.5
6.4
6.4
6.1
6.3
6.4
6.4
6.4
6.7
6.8
6.8
6.8
6.8
6.9
6.9
6.9
7.4
7.5
7.5
7.5
7.5
7.5
7.3
7.4
7.4
7.4
7.4
7.9
8.2
8.4
8.2
8.4
8.2
8.4
8.2
8.4
8.2
8.4
8.2
8.4
8.2
8.4
8.5
8.5
8.5
8.3
7.7
7.6
7.5
7.4
7.4
7.4
7.4
7.4
7.4
7.4
7.4
7.4
7.4
7.4
7.1
7
7
7
7
7
7
7.1
7.1
7.1
7.1
7.1
7
7
7
6.8
7.1
6.7
6.5
6.5
6.5
6.5
6.5
6.5
6.5
6.5
6.5
6.5
6.5
6.5
6.8
6.8
6.6
6.6
6.6
6.6
6.6
5.7
5.7
5.7
5.7
6
5.7
6
5.7
6
5.7
6
6
6
6.1
6.2
6.3
6.4
6.5
6.5
6.5
6.5
6.5
6.5
6.7
6.6
6.6
6.6
6.6
6.6
6.7
6.7
6.7
6.7
6.8
6.7
6.7
6.7
6.9
6.9
6.9
6.9
6.9
6.8
6.8
6.9
6.9
6.9
6.9
6.9
6.9
6.9
8
8.6
8.5
8.5
8.5
8.5
8.5
8.5
8.5
8.6
8.5
8.5
8.5
8.5
8.4
8.3
8.1
8
7.8
7.7
7.8
7.8
7.8
7.8
7.7
7.6
7.8
7.8
7.8
7.8
7.8
7.8
7.8
7.8
7.8
7.8
7.8
7.8
8
8
8
8
8
8.1
8.1
8
8.1
8.1
8.1
8.1
8.1
8.1
8.1
8.1
8.4
8.3
8.2
8.2
8.2
8.2
8.2
8.2
8.2
8.2
8.2
8.2
8.2
8.2
8.1
8.1
8.1
8.1
8.1
8
8.1
8.2
8.2
8.2
7.7
7.6
7.7
7.5
7.6
7.6
7.3
7.3
7.3
7.5
7.5
7.5
7.5
7.5
7.5
7.5
7.5
7.5
7.5
7.5
7.5
7.6
7.7
7.7
7.7
7.7
7.7
7.7
7.7
7.7
7.9
7.5
7.3
7.6
7.7
7.7
7.7
7.7
7.7
7.3
7.4
7.4
7.4
7.4
7.4
7.5
7.5
7.5
7.5
7.5
7.5
7.6
8
8
8
8
8
8
8
8
8.2
8.2
8.2
8
8
8
8
8
8.1
8.2
8.2
8.2
8.3
8.3
8.3
8.4
8.3
8.4
8.3
8.5
8.5
8.5
8.5
8.5
8.5
8.5
8.5
8.5
8.5
8.5
8.4
8.4
8.5
8.5
8.5
8.5
8.5
8.5
8.5
8.5
8.6
8.6
8.5
8.5
8.5
8.4
8.4
8.4
8.4
8.4
8.4
8.4
8.4
8.5
8.6
8.6
8.4
8.4
8.5
8.5
8.5
8.5
9.2
9.2
9.3
9.3
9.3
9.3
9.3
9.3
9.3
9.3
9.3
9.3
9.3
9.3
9.2
9.2
9.2
9.2
9.2
9.2
9.2
9.2
9.2
9.2
9.3
9.3
9.1
9.1
9.2
9.2
9.2
9.2
9.1
9
9
9
9
9
9
9.1
9.1
9.1
9.1
9.1
9.1
9.1
9.1
9.2
9.2
9.2
9.2
9.1
9.1
9.1
9
9
9.1
9.1
9
8.8
8.7
8.7
8.7
8.7
8.7
8.7
8.7
8.7
8.7
8.5
8.5
8.5
8.5
8.5
8.6
8.6
8.6
8.4
8.4
8.4
8.4
8.5
8.5
8.4
8.4
8.4
8.2
8.2
8.2
8.4
8.5
8.5
8.5
8.5
8.5
8.4
8.4
8.4
8.4
8.4
8.2
8.2
8.2
8.2
8.1
8.1
8.1
8.2
8.1
8.1
8.1
8.1
8.1
7.7
8.1
8.1
8.2
8.2
8.3
8.3
8.3
8.2
8.2
8.2
8.2
8.2
8.3
8.3
8.3
8.3
8.4
8.5
8.5
8.5
8.5
8.5
8.6
8.6
8.6
8.7
8.7
8.6
8.7
9
8.8
8.8
8.8
8.8
8.8
8.8
8.8
9.1
9
9
9
9
8.9
8.9
8.9
8.9
8.9
8.9
9
9
9
9
8.9
8.9
9
9
9
9.2
9.2
9.2
9.1
9.1
9.1
9.1
9.1
8.8
8.8
8.8
8.8
8.8
8.8
8.8
8.8
8.8
8.8
8.8
8.8
8.8
8.5
8.5
8.5
8.5
8.5
8.5
7.4
7.7
8.2
8.1
8.3
8.2
8.2
8.2
8.2
8.2
8.2
8.3
8.5
8.6
8.6
8.6
8.6
8.6
8.7
8.7
8.7
8.7
8.7
8.7
8.7
8.7
8.7
8.7
8.7
8.7
8.9
8.9
8.9
8.9
8.9
8.9
8.9
8.9
8.9
8.9
8.9
8.9
8.9
8.9
8.9
8.9
8.9
8.9
8.9
8.9
9.1
9.3
9.5
9.1
9.2
9.2
9.2
9.1
9.3
9.3
9.3
9.3
9.3
9.3
9.2
9.2
9.2
9.2
9.2
9.2
9.2
9.2
9.2
9.2
9.2
9.2
9.2
9.2
9.2
9.2
9.2
9.1
9
9.2
9.1
9.1
9.1
9.1
9
9
9
9
9
9
9.1
9
8.9
8.9
8.8
8.8
8.8
8.8
9.1
8.9
9
9
8.8
8.8
8.8
8.8
8.8
8.8
8.9
8.8
8.7
8.7
8.7
8.7
8.7
8.7
8.8
8.8
8.8
8.8
8.9
8.9
8.9
8.9
8.9
8.8
8.8
8.8
8.8
8.9
8.7
8.7
9
9
9.1
9.1
9.3
9.4
9.4
9.4
9.7
9.7
9.7
9.7
9.7
9.7
9.4
9.4
9.4
9.4
9.3
9.3
9.3
9.3
9.3
9.3
9.2
9.2
9.3
9.3
9.3
9.3
9.3
9.3
9.2
9.2
9
9
9
9
9
9.1
9
8.9
8.9
8.9
9
9
9
9
9
9
9
9
9.1
9.2
9.2
9.2
9.1
9.1
9.1
9
9
9
9
9
8.9
8.9
8.9
8.9
8.9
8.9
9
9
9
9
9
9
9
9
9
9
9
9
9
9
9
9
9
9
8.9
8.9
8.9
8.9
8.9
8.9
8.9
9.4
9.2
9.3
9.2
9.4
9.3
9.3
9.3
9.4
9.4
9.4
9.4
9.6
9.7
9.7
9.7
9.7
9.7
9.4
9.5
9.5
9.5
9.5
9.5
9.5
9.5
9.5
9.5
9.5
9.5
9.5
9.5
9.5
9.5
9.4
9.4
9.4
9.4
9.3
9.2
9.3
9.3
9.3
9.2
9.2
9.2
9.2
9.2
9.2
9.1
9.1
9.1
9.1
8.9
8.9
9
9
9
9
9
9
8.9
8.9
8.9
8.9
8.9
8.9
9
9
9.1
9
