8
6.3
6.3
4.6
3.1
2
1.2
0.8
0.7
0.7
0.7
1
0.7
6
4.1
3.4
3.1
3.1
2.9
2.8
2.8
2.8
2.8
2.8
2.8
2.7
2.6
2.6
2.6
2.5
2.6
2.6
2.6
2.6
2.7
2.7
2.9
2.9
2.7
2.6
2.5
2.6
2.7
2
1.8
1.8
1.8
1.8
2
1.9
1.9
1.9
1.9
1.9
1.9
2.1
2.1
2.1
2.1
2.1
2
1.7
1.7
1.7
1.7
1.7
1.7
1.7
1.7
1.9
1.9
1.9
1.2
0.8
0.8
0.8
11
5.5
3.9
3.2
3
2.9
2.9
2.9
2.9
2.9
2.9
3
3
3.1
3.1
3
3
3
3
3
3
3
3.2
3.2
3.2
3.1
3.1
3.1
3
2.9
2.3
2.1
1.7
1.3
0.9
0.9
0.9
0.9
0.9
2
1.7
1.8
1.8
1.8
1.8
1.8
1.8
1.7
1.7
1.5
1.3
1.3
1.3
1.3
1.3
1.3
1.6
1.7
1.6
1.7
1.7
1.7
1.7
1.7
1.7
1.7
1.7
1.7
1.7
1.5
1.5
1.5
1.5
1.5
1.5
1.5
1.5
1.5
1.5
2.2
1.8
2
2
2
2
2
1.8
1.8
1.8
1.8
1.8
1.8
1.8
1.8
1.8
1.8
0.9
0.7
0.7
0.7
0.7
0.7
0.7
0.7
0.7
0.7
0.7
0.7
0.7
0.7
0.7
0.7
0.7
0.7
0.7
0.7
0.7
6.3
3.9
2.9
2.3
2.2
2.2
2.2
2.2
1.7
1.6
1.6
1.6
1.6
1.6
1.6
1.7
1.6
1.7
1.6
1.6
1.6
1.6
1.6
1.7
1.7
1.7
1.7
1.7
1.7
1.7
1.3
1.4
1.4
1.6
1.5
1.5
1.5
1.5
1.6
1.6
1.6
1.6
1.6
1.6
1.6
1.6
1.6
1.5
1.5
1.5
1.5
1.5
1.5
1.5
1.5
1.5
1.5
1.5
1.5
1.5
1.5
1.5
1.5
1.5
1.5
1.5
1.5
1.5
1.5
1.5
1.5
1.4
1.3
1
1
1
1
0.9
0.9
0.9
0.9
0.9
0.9
0.9
0.9
0.9
0.9
0.9
0.9
0.9
0.9
0.9
0.9
0.9
0.9
0.9
2.9
2.1
1.7
1.6
1.6
1.7
1.6
1.6
1.7
1.7
1.7
1.7
1
0.8
0.8
0.8
0.9
0.9
0.9
0.9
0.9
0.9
0.9
0.9
0.9
0.9
1
1
1
1
1
0.8
1.2
1.2
1.2
1.2
1.2
1.2
1.2
1.2
1.2
1.3
1.3
1.3
1.2
1.2
1.1
1.1
1.1
1
1
1
1
1
1
1
1
1
1
1
1
1
0.8
0.8
0.8
0.8
0.8
0.8
0.8
0.8
0.8
0.8
0.8
0.7
0.7
0.7
0.7
0.7
0.7
1.6
0.7
1.1
1.1
1.1
1.1
1.1
1.1
1.1
1.1
1.1
1.1
1.1
1.1
1.1
1.1
1.2
1.2
1.2
1.2
1.2
1.2
1.1
1.3
1.3
1.3
1.3
1.3
1.3
1.3
1.2
1.4
1.3
1.1
1.2
1.1
1.2
1.1
1.2
1.1
1.2
1.1
1.2
1.1
1.1
1.1
1.1
1.1
1.1
1.1
1.1
1.1
1.2
1
1.1
1.1
1.1
1.1
1.1
1.1
1.1
1.1
1.1
1.1
1.1
1.1
1.1
1.1
1.1
1.1
1.1
1.1
1.1
1.1
1.1
1.1
1.1
1.1
1.1
1.1
1.1
1
0.9
0.8
0.9
0.8
0.8
0.8
0.8
1.1
0.9
1
1
1
1
1
1
1
1
1
1
1
1
1
1
1
0.9
0.9
0.9
0.9
0.9
1
1
1
1
1
1
1
1
0.8
0.8
0.8
0.8
0.8
0.8
0.8
0.8
0.8
0.8
0.8
0.8
0.7
0.7
0.7
0.7
0.7
0.7
2.5
2.1
2.1
2.2
2.2
2.2
2.2
2.2
2.2
2.6
2.6
2.6
2.8
2.8
2.8
2.8
2.8
2.8
2.8
4
3.9
3.9
4.2
4.4
4.9
5.1
5.1
5.2
5.4
5.3
5.4
5.3
5.4
5.3
5.4
5.3
5.3
5.3
5.3
5.3
5.3
5.3
5.3
5.3
5.3
5.4
5.3
5.4
5.2
5
5.3
5.1
4.9
4.9
4.9
4.7
4.5
4.5
4.5
4.5
4.5
4.5
4.4
4.5
4.4
4.5
4.4
4.5
4.4
4.5
4.2
4.3
4.2
4.3
4
4
3.6
3.5
3.5
3.5
3.5
3.6
3.7
4.1
4.1
4.1
4.2
4.2
4
4
3.9
3.9
3.9
3.9
3.9
3.9
4.9
4.6
4.7
4.7
4.7
4.8
4.8
4.8
4.8
4.7
4.7
4.9
4.9
4.9
4.9
4.9
4.9
4.8
4.8
4.8
4.8
4.8
4.9
5
5
5
5
5
5.2
5.2
5.2
5.1
5.1
5.1
5.2
5.1
5.1
5
5.2
5.3
5.3
5.2
5.3
5.3
5.4
5.4
5.4
5.3
5.3
5.3
5.3
5.3
5.3
5.1
5.1
5.1
5.2
5.1
5
5
5
5
4.9
5
5
5.1
5
5.1
5
5.1
5.1
5
4.9
4.9
4.7
4.7
4.9
4.9
4.9
4.9
4.9
4.9
4.9
5
4.9
4.9
4.8
4.8
4.8
4.8
4.8
4.8
4.8
4.8
4.8
4.8
4.8
4.9
5
5
5.8
5.7
5.8
5.9
6
5.9
5.9
5.8
6
5.7
5.9
5.9
5.9
5.9
6
5.9
5.9
5.9
5.8
5.8
5.6
5.6
5.6
5.6
5.5
5.4
5.4
5.4
5.5
5.5
5.5
5.3
5.2
5.2
5.2
5.1
5.2
5.2
5.2
5.2
5.2
5.2
5
5.2
5
5
5
5.2
5.2
5.3
5.6
5.5
5.5
5.7
5.7
5.8
5.7
5.8
5.8
5.8
5.7
5.9
5.8
5.7
5.8
5.7
5.8
5.7
5.7
5.7
5.8
5.7
5.8
5.7
5.9
5.8
5.8
5.7
5.7
5.6
5.7
5.7
5.7
5.6
5.6
5.6
5.5
5.6
5.5
5.5
5.5
5.4
5.5
5.5
5.6
5.7
5.7
5.7
5.7
5.6
5.8
5.7
5.8
5.7
5.8
5.8
5.7
5.8
5.8
5.9
5.7
5.7
5.7
5.8
5.7
5.9
5.8
5.8
5.7
5.7
5.7
5.8
5.8
5.8
5.7
5.7
5.7
5.7
5.7
5.8
5.6
5.7
5.7
5.6
5.6
5.6
5.6
5.6
5.5
5.6
5.6
5.6
5.6
5.5
5.7
5.7
5.7
5.7
5.6
5.7
5.7
5.6
5.6
5.6
5.6
5.5
5.6
5.6
5.6
5.5
5.6
5.6
5.6
5.5
5.5
5.6
5.6
5.6
5.6
5.6
5.5
5.5
5.6
5.6
5.4
5.5
5.4
5.4
5.5
5.5
5.5
5.5
5.5
5.6
5.5
5.6
5.5
5.6
5.8
5.7
5.7
5.8
5.8
5.8
5.8
5.8
5.8
5.8
5.9
5.8
6.4
6.2
6.3
6.2
6.2
6.2
6.2
6.3
6.3
6.2
6.2
6.3
6.3
6.4
6.3
6.4
6.4
6.3
6.3
6.4
6.3
6.2
6.3
6.2
6.3
6.1
6.3
6.2
6.3
6.2
6.3
6.2
6.3
6.4
6.3
6.4
6.3
6.2
6.2
6.2
6.2
6.1
6.1
6
6.1
6.2
6
6
6
6
6.1
6.1
6.1
6
6
6.1
6
6.1
6
6
6
5.9
6
6
6
6
5.9
5.9
6
6
6
6.1
6.1
6
6.1
6
6.2
6.1
6.2
6.3
6.3
6.3
6.3
6.3
6.3
6.2
6.3
6.2
6.1
6.1
6
6.1
5.9
5.8
6
6.1
6.2
6.3
6.3
6.3
