9
9
9
9
9
9
9.9
11
11
11
11
2.7
8.6
7.9
7
7.1
7
7.6
7.6
7.6
7.2
7.1
7.1
6.9
7.3
7.3
7.3
7.3
7.2
7.3
7.3
7.3
7.3
7.3
7.2
7.4
7.2
7.1
7.1
6.9
7.1
7.3
7
7.3
7.7
7.8
7.8
7.7
7.7
7.7
7.8
7.9
7.9
8.1
7.8
7.8
7.8
7.9
8.3
8.3
8.5
8.5
8.7
9
9
8.9
9
8.9
8.8
8.8
9.1
7.9
9.3
8.8
9.5
9.3
9.6
9.6
9.8
9.8
10.4
7.7
10.2
7.6
10.2
7.6
10.2
7.6
10.2
7.6
10.2
7.6
10.2
7.6
10.2
7.6
10.2
8.6
10.2
8.6
10.1
8.6
8.4
8.3
8.3
8.3
8.3
8.3
8.3
8.3
8.3
8.6
8.7
8.3
7.8
7.6
7.6
7.6
7.6
8.2
8.3
8.3
8.3
8.3
8.3
8.3
8.3
8.1
8.3
8
8
8.1
8.1
8.1
8.1
7.9
7.9
7.9
7.9
7.7
7.8
7.4
7.7
7.4
7.5
7.5
7.5
7.5
7.8
7.3
7.4
7.4
7.4
7.4
7.3
7.5
7.4
7.5
7.1
7.3
7.3
7.3
7.3
7.3
7.3
7.4
7.4
7.4
7.4
7.6
7.6
7.6
7.3
8.2
7.7
8.3
8.1
8.1
7.5
7.7
7.2
7.3
7
7.2
7.3
6.7
7.2
7.1
7.6
7.5
7.5
7.5
7.5
7.5
7.5
7.5
7
7.3
7.1
7.3
7.1
7.6
7.7
7.9
7.5
7.3
7.3
7.6
7.6
7.5
7.6
8
7.8
8
7.9
8
7.9
7.8
7.9
7.6
7.8
7.8
7.5
7.4
7.6
7.6
7.7
7.6
7.5
7.4
7.4
7.4
7.3
7.3
7.4
7.4
7.4
7.2
7.2
7.2
7.2
6.7
6.8
6.4
6.5
6.4
7
6.8
6.9
6.8
6.9
6.8
7.1
7.1
7
6.8
6.7
6.7
6.8
6.9
7.1
7.2
7.2
7.2
7.2
7.2
7.2
7.2
7.2
7.2
7.3
7.4
7.4
7.9
8
7.4
7.6
7.6
7.6
7.6
7.5
7.4
7.4
7.4
6.9
7.2
7.1
7.1
7.1
7.1
6.6
6.6
6.6
6.6
6.6
6.6
6.6
6.6
6.6
6.6
6.3
7.3
7.1
7.1
6.8
6.8
6.8
6.8
6.2
6
5.9
7.3
7.1
7.1
7.2
7.4
7.4
7.5
7.4
7.5
7.7
7.9
7.9
7.9
7.9
7.9
7.9
7.9
7.9
8.1
8
8.2
8.1
8.1
8.1
8.1
8.1
8.2
8.1
8.1
8.2
8
8
8
8.1
8
8.3
8.2
8.4
8.3
8.1
8.1
8.1
8
8
8
8
7.8
7.8
7.7
7.6
7.7
7.6
7.6
7.6
7.7
7.7
7.6
7.7
7.7
7.7
7.7
7.8
7.8
8
8
7.9
8
8
8
8.1
8
8
8.2
8.3
8
8
8.3
8.3
8.3
8.6
8.5
8.5
9
8.8
8.7
8.7
8.7
8.7
8.3
8.5
8.5
8.5
8.5
8.2
8.3
8.1
8.1
8.1
8.1
8.1
8.1
8.1
8.1
8.2
8.4
8.3
8.3
8.3
8.3
8.2
8.2
8.1
8
7.8
7.8
8.2
7.7
7.8
7.9
7.6
7.8
7.6
7.8
7.6
7.8
7.6
7.8
7.6
7.8
8
7.9
7.8
7.6
7.7
7.7
7.7
7.9
7.9
7.9
7.9
7.9
7.9
7.9
7.9
7.9
7.8
8
8.2
8.3
8.3
8.4
8.4
8.2
8.2
8.2
8.2
8.2
8.1
8.1
7.8
7.8
7.8
8
7.9
7.7
7.7
7.4
7.6
7.6
7.9
7.8
7.9
7.8
7.9
7.8
8
7.9
7.7
7.8
7.9
7.4
7.7
8.1
7.8
7.9
7.8
7.9
8
7.9
8
8.6
8.8
8.8
9
9
9
8.9
8.9
8.9
8.9
8.9
8.9
9
8.9
9
8.8
8.9
8.9
9
8.8
9
8.8
8.8
9
9.1
9.1
9.5
8.4
9.5
8.4
9.6
9.7
9.7
9.7
9.7
9.7
10.9
10.9
10.9
10.9
10.9
10.9
10.9
10.9
10.9
10.9
10.9
10.9
10.9
10.9
10.9
10.9
10.9
10.9
10.9
10.9
10.9
10.9
10.9
10.9
10.9
10.9
10.9
10.9
10.9
10.9
10.9
10.9
10.9
10.9
10.9
10.9
10.9
10.9
10.9
10.9
10.9
10.9
10.9
10.9
10.9
10.9
10.9
10.9
10.9
10.9
10.9
10.9
10.9
10.9
10.9
10.9
10.9
10.9
10.9
10.9
10.9
10.3
10
9.8
10.1
10
10
10
10
10
10
10
10
10
10
10
10
10
10
10
10
10
10
10
10
10
9.8
9.9
9.8
9.9
9.8
9.7
9.6
9.6
9.6
9.6
9.6
9.6
9.6
9.6
9.6
9.6
9.6
9.6
9.6
9.6
9.6
9.6
9.6
9.6
9.6
9.6
9.6
10.7
10.1
9.8
9.8
9.8
9.8
9.8
9.8
9.8
9.8
9.8
9.8
9.8
9.8
9.8
9.8
9.8
9.8
9.8
9.8
9.8
9.8
9.8
9.8
9.8
9.8
9.8
9.8
9.8
9.8
9
10.2
9.1
10.2
9.1
10.2
9.1
10.3
9.2
10.2
9.1
10.2
9.1
10.3
9.2
10.3
9.2
10.3
9.2
10.3
9.2
10.3
9
10.3
9
10.2
8.9
10.1
8.9
10.1
10.1
10.1
7.8
9.9
9.4
10.1
7.8
10.1
7.8
10
9.4
10.1
7.8
10
7.8
10
7.8
10
7.8
10
7.8
10
7.8
9.7
9.2
9.6
9.2
9.6
9.2
9.4
9.2
9.4
9.7
8.8
9.4
9.2
9.1
9.1
9.1
9.1
9.4
8.7
9.3
9.1
8.7
9.1
8.7
9.2
8.7
9.2
8.7
9.2
8.7
9.5
9.2
9.2
9.2
9.2
9.2
9.2
9.2
9.8
9.4
10.8
10.8
10.8
10.8
10.8
10.8
10.8
10.8
10.8
10.8
10.8
10.8
10.8
10.8
10.8
10.8
10.8
10.8
10.8
10.8
10.8
10.8
10.8
10.8
10.8
10.5
10.3
10.1
10
10
10
10
10
10
10
10
10
10
10
10
10
10
10
10
8.6
10
8.6
10
8.6
10
8.6
10
8.6
10
8.6
9.8
8.6
9.8
8.6
9.8
8.6
9.8
8.6
9.8
8.6
9.8
8.6
9.8
8.6
9.8
8.6
9.8
8.6
9.8
9.8
9.8
9.8
9.8
9.8
9.8
9.8
9.8
9.8
9.8
9.8
9.8
9.8
9.8
9.8
9.8
9.8
9.8
9.8
9.8
9.8
9.8
9.8
9.8
9.8
9.8
9.8
9.8
9.8
9.8
9.8
9.8
9.8
9.8
9.8
9.8
11
11
11
11
11
7.8
9.7
9.4
9.8
9.4
9.8
9.4
9.8
9.4
9.8
9.4
9.8
9.4
10
9.6
10.1
8.1
9.9
9.9
9.9
9.9
9.5
9.7
9.5
9.7
8.7
9.8
8.7
9.8
8.7
10.1
9.9
9.7
9.5
10.2
9.9
9.7
9.5
10.2
9.9
9.7
9.5
10.2
9.9
9.7
9.5
10
9.8
9.6
9.6
9.6
9.6
9.6
9.6
9.6
9.6
9.6
9.6
9.6
9
10.3
9
10.3
9
10.3
9
10.3
9
10.2
9
10.2
9
10.2
9
10.2
9.5
9.2
9.7
9.1
9.6
9.2
9.3
9.1
9.3
9.4
9.4
9.4
9.4
9.4
9.5
9.3
9.4
9.5
9.5
9.5
9.5
9.5
9.5
9.5
9.5
9.5
9.5
9.5
9.5
9.5
9.5
9.1
9.5
9.4
9.3
9.3
9.9
8.9
