6
6
7
7
7
7
7
7
7
7
7
7
7
7
8
8
9
9
9
9
10
10
10
10
10
10
10
10
10
10
10
10
10
10
10
10
10
10
10
10
10
10
10
10
10
10
10
10
10
10
10
10
10
10
10
10
10
10
10
10
10
10
9
10
9
10
9
10
9
10
9
10
9
10
9
10
9
10
9
10
9
10
9
10
9
10
9
10
9
10
9
10
10
10
10
10
10
10
10
10
10
10
10
10
10
10
10
10
10
10
10
10
10
10
10
10
7.5
8.3
8.2
8.2
8.2
7.9
7.9
7.9
7.9
7.9
7.9
7.8
7.8
7.8
7.9
7.9
7.9
7.9
7.9
7.9
7.9
7.9
7.9
7.9
7.9
7.8
7.8
7.8
7.8
7.8
7.9
7.8
7.9
7.9
7.9
7.9
7.9
7.9
7.9
7.9
7.9
8
8
5.7
6.8
7.2
7.2
7
7
7
7
7
7.6
7.7
7.6
7.7
7.6
7.7
7.6
7.7
7.6
7.7
7.6
7.7
7.6
7.7
7.6
7.7
7.6
7.7
7.6
7.7
7.2
7.5
7.7
7.7
7.7
7.1
7.2
7.2
7.2
7.3
6.8
7
7
9
8.5
8.5
8.5
8.5
8.5
8.5
8.5
8.2
8.2
8.2
8.2
8.2
8.2
8.2
8.2
8.2
8.3
8.3
8.3
7.9
7.9
8.2
8.1
8.1
8.1
7.4
6.9
7.1
6.9
7.1
6.9
7.1
6.9
7.1
6.9
7.1
7.2
7.5
7.5
7.5
7.5
7.5
7.5
7.5
7.5
7.5
7.5
7.5
7.5
7.5
7.5
7.5
7.5
7.5
7.5
7.5
7.5
7.5
7.5
7.5
8.5
7.5
8.5
7.5
8.5
7.5
8.5
7.5
8.5
7.5
8.5
7.5
8.5
7.5
8.5
7.5
8.5
7.5
8.5
7.5
8.5
7.5
8.5
7.5
8.5
8.5
8.5
8.5
8.5
10
8.5
10
8.5
10
10
10
10
10
10
10
10
10
10
10
10
10
10
10
10
9.9
10
9.7
9.6
9.7
9.6
9.8
9.7
9.8
9.8
9.8
9.8
9.8
9.8
9.8
9.8
9.8
9.8
9.8
9.6
9.7
9.7
9.7
9.7
9.7
9.7
9.7
9.7
9.7
9.7
9.7
9.7
9.7
9.7
9.7
9.7
9.6
9.6
9.6
9.2
9.2
9.2
9.2
9.2
9.2
9.2
9.2
9.2
9.2
9.2
9.2
9.2
9.2
9.2
9.2
9.2
8.7
9.1
9.2
9.2
9.3
9.3
9.3
9.3
9.3
9.3
9.3
9.3
9.3
9.3
9.3
9.3
9.3
9.3
9.3
9.3
9.3
9.3
9.3
9.3
9.3
9.3
9.3
9.3
9.3
9.3
9.5
9.6
9.6
9.6
9
8.8
8.8
8.8
8.8
9.1
8.8
9.1
8.8
9.2
9.1
9.1
9.1
9.1
9.1
9.1
9.1
9.1
9.1
9.1
9.1
9.1
9.1
9.4
9.4
9.4
9.4
9.4
9.4
9.4
9.4
9.4
9.4
9.4
9.4
9.4
9.4
9.4
9.4
9.4
9.4
9.4
9.4
9.4
9.4
9.4
9.4
9.8
9.4
9.8
9.4
9.8
9.4
9.8
9.4
9.8
9.4
9.8
9.4
9.8
9.4
9.8
9.8
9.8
9.8
9.8
9.8
9.8
9.8
9.8
9.8
9.8
9.8
9.8
9.8
9.8
9.8
9.8
9.8
9.8
9.8
9.8
9.8
9.8
9.8
9.8
9.8
9.8
9.8
9.8
9.8
9.8
9.8
9.8
9.8
9.8
9.8
9.8
9.8
9.8
9.8
9.8
9.1
9.8
9.1
9.8
9.1
9.8
9.1
9.8
9.1
9.8
9.1
9.8
9.1
9.8
9.1
9.8
9.1
9.8
9.1
9.1
9.1
9.1
9.6
9.1
9.6
9.1
9.6
9.1
9.6
9.1
9.6
9.6
9.6
9.6
9.6
9.6
9.6
9.6
9.6
9.6
9.6
9.6
9.6
9.6
9.6
9.6
9.6
9.6
9.6
9.6
9.6
9.6
9.6
9.6
9.6
9.6
9.6
9.6
9.8
9.8
9.8
9.8
9.8
9.8
9.8
9.8
9.8
9.8
9.8
9.8
9.8
9.8
9.8
9.8
9.8
9.8
9.8
9.8
9.1
9.6
9.5
9.5
9.5
9.5
9.5
9.5
9.5
9.2
9.1
9.1
9.1
9.1
9.3
9.3
9.3
9.3
9.3
9.3
8.9
8.8
8.8
8.8
8.6
8.6
8.6
8.6
8.6
8.6
8.6
8.6
8.6
8.6
8.6
8.6
8.7
8.6
8.7
9
9.1
9.1
9.1
9.1
9.1
9.1
9.1
9.1
9.1
9.1
9.1
9.1
9.1
9.1
9.1
9.1
9.1
9.1
9.1
9.1
9.1
9.1
9.1
9.1
9.1
9.1
9.1
9.1
9.1
9.1
9.1
9.1
9.1
9.1
9.1
9.1
9.1
9.1
9.1
9.1
9.1
9.1
9.1
9.1
9.1
9.1
9.1
9.1
9.1
9.1
9.1
9.1
9.1
9.1
9.1
9.1
9.1
9.1
9.1
9.1
9.1
9.1
9.1
9.1
9.1
9.1
9.1
9.1
9.1
9.1
9.1
9.1
9.1
9.1
9.1
8.7
8.8
8.7
8.8
8.7
8.7
10
9.2
9.5
9.5
9.5
10
9.5
10
9.5
10
9.5
10
9.5
10
9.5
10
9.5
10
9.5
10
9.5
10
9.5
10
10
10
10
9.3
9.7
9.7
9.3
9.5
9.3
9.5
9.3
9.5
9.3
9.5
9.3
9.5
9.3
9.5
9.3
9.5
9.3
9.5
9.3
9.3
9.3
9.3
9.3
9.3
9.3
9.3
9.3
9.3
9.3
9.3
9.3
9.3
10
9.6
10
9.6
10
9.6
10
9.6
10
10
10
10
10
10
10
10
10
10
10
10
10
10
10
10
10
10
10
10
10
10
10
10
10
10
10
10
10
10
10
10
10
10
10
10
10
10
10
9.2
10
9.2
10
9.2
9.2
9.2
9.2
9.2
9.2
9.2
9.2
9.2
9.2
9.2
9.2
9.2
9.2
9.2
9.2
9.2
9.2
10
9.2
10
9.2
10
9.2
10
9.2
9.6
9.6
9.6
9.6
9.6
9.6
9.6
9.6
9.6
9.6
9.6
9.6
9.6
9.6
9.6
9.6
9.6
9.6
9.7
9.7
9.7
9.7
9.6
9.6
9.7
9.7
9.7
9.7
9.7
9.7
10
10
10
10
10
10
10
10
10
10
10
10
10
10
10
10
10
10
10
9.9
10
9.9
10
9.9
10
9.9
10
9.9
10
9.9
10
9.9
9.4
9.3
9.3
9.3
9.3
9.3
9.2
9.2
9
9
9
9
9
9
9
9
9
9
9
9
9.6
9.6
10
10
10
10
10
10
10
8.3
9.5
9.3
9.3
9.3
9.3
9.3
9.3
9.3
9.3
9.3
9.3
9.3
9.3
9.3
9.3
9.3
9.4
9.4
9.4
9.4
9.4
9.4
9.2
9.2
9.2
9.2
9.2
9.2
9.2
9.6
9.6
9.6
9.6
9.6
9.6
9.6
9.6
9.6
9.6
9.6
9.6
9.6
9.6
9.6
9.6
9.6
9.6
9.6
9.6
9.6
9.6
9.6
9.6
9.6
9.6
9.6
9.6
9.6
9.6
9.6
9.6
9.6
9.6
9.6
9.6
9.6
9.6
7.8
9
7.8
