8
8
8
8
10
10
10
10
10
10
10
10
10
10
10
10
10
10
10
10
2
7.2
8.3
8.3
8.6
8.6
8.6
8.6
7.9
7.9
7.9
7.9
7.9
7.9
7.7
7.6
7.8
7.8
7.8
7.8
7.8
7.6
7.6
7.7
7.8
7.6
7.6
7.6
7.6
7.6
8.3
8.4
8.7
8.7
8.4
8.4
8.4
8.7
9.8
9.8
9.8
9.8
9.8
10
10
1
5.3
7.9
8.5
8.6
8.6
8.7
8.7
8.6
8.4
8.4
8.4
8.4
8.4
8.4
8.6
8.6
8.4
8.5
8.5
8.5
8.5
8.3
8.3
7.9
7.6
7.6
7.6
7.6
7.6
8.6
8.4
8.2
8.3
8.2
8.3
7.5
8.2
7.5
8.2
7.5
6.6
7
6.9
6.9
7
7
7
7
7
7
7
6.7
6.7
6.7
6.7
6.7
6.6
6.5
6.5
6.5
6.3
6.4
6.3
6.4
6.3
6.4
6.3
6.4
6.1
6.3
6.6
7.3
7.3
7.3
7.3
7.3
7.3
7.3
7.3
7.3
7.3
7.3
7.3
7.3
7.3
7.3
7.3
7.3
7.3
7.3
7.3
7.3
7.3
7.3
7.3
7.3
7.3
7.3
7.3
7.3
7.3
7.3
7.3
7.3
7.3
7.3
7.3
7.3
7.3
7.3
7.7
7.7
7.7
8.4
8.4
8.4
8.4
8.4
8.4
8.4
8.4
8.4
8.4
8.4
6.4
7.6
7.6
7.6
7.6
7.6
7.6
7.6
7.6
7.6
7.6
8.6
8.8
8.8
8.8
8.8
8.7
8.7
8.7
8.7
8.7
8.7
8.7
8.7
8.4
8.4
8.4
8.4
8.4
8.4
8.5
8.1
9.3
9.3
9.3
9.3
9.3
9.3
9.3
9.3
9.3
9.3
9.3
9.3
9.3
9.3
9.3
9.3
9.3
9.3
9.3
9.3
9.3
9.3
9.3
9.3
9.3
9.3
9.3
9.3
9.3
9.3
9.3
9.3
9.3
9.3
9.3
9.3
9.3
9.3
9.3
9.3
9.3
9.3
9.3
9.3
9.3
9.3
9.3
9.3
9.3
9.3
9.3
9.3
9.3
9.3
9.3
9.3
9.3
9.3
9.3
9.3
9.3
9.3
9.3
8.1
8.6
8.1
8.6
8.1
8.6
8.1
8.6
8.1
8.6
8.1
8.3
8
8
8
8
8.5
8.6
8.7
8.7
8.7
8.7
8.7
8.7
8.7
8.7
8.7
8.7
8.7
9.2
9.2
9.2
9.2
9.2
9.2
9.2
9.2
9.2
9.2
9.2
9.2
9.2
9.2
9.2
9.2
9.2
9.2
9.2
9.2
9.2
9.2
9.2
9.2
9.2
9.2
9.2
9.2
9.2
9.2
9.2
9.2
9.2
9.2
9.2
9.2
9.2
9.2
9
9
9
9
9
9
9
9
9.6
9.1
9.3
9.3
9.2
9.2
9.2
9.2
9.2
9.2
9.2
9.2
9.2
9.2
9.2
9.2
9.2
9.2
9.2
9.2
9.2
9.2
9.2
9.2
9.2
9.2
9.2
9.2
9.2
9.2
9
9.2
9
9
9
9.6
9.6
9.6
9.6
9.6
9.6
9.8
9.8
9.8
9.8
9.8
9.8
9.8
9.8
9.8
9.8
9.8
9.8
9.8
9.8
9.8
9.8
9.8
9.8
9.8
9.8
9.8
9.4
9.8
9.4
9.4
9.4
9.4
9.4
9.4
9.4
9.4
9.4
9.4
9.4
9.4
9.4
9.4
9.4
9.4
9.4
9.4
9.4
9.4
9.4
9.4
9.4
9.4
9.4
9.4
9.4
9.4
9.4
9.4
9.4
9.4
9.4
9.4
9.4
9.4
9.4
9.4
9.4
9.4
9.4
9.4
9.4
9.4
9.4
9.4
9.4
9.4
9.4
9.4
9.4
9.4
9.4
9.4
9.4
9.4
9.4
9.4
9.4
9.4
9.4
9.4
9.4
9.4
9.4
9.4
9.4
9.4
8.6
8.8
8.6
8.8
8.6
8.8
8.6
8.8
8.6
9
9
9
9
9.4
9.4
9.4
9.4
9.4
9.4
9.4
9.4
9.4
9.4
9.4
9.4
9.4
9.4
9.4
9.4
9.4
9.8
9.8
9.8
9.8
9.8
9.8
9.8
9.8
9.8
9.8
9.8
9.8
9.8
9.8
9.8
9.8
9.8
9.8
9.8
9.8
9.8
9.1
9.7
9.6
9.6
9.6
9.6
9.6
9.6
9.6
9.5
9.5
9.5
9.5
9.5
9.5
9.5
9.5
9.5
9.5
9.5
9.5
9.5
9.5
9.5
9.5
9.5
9.5
9.5
9.5
9.5
9.7
9.8
9.8
9.8
9.8
9.8
9.8
9.8
9.8
9.8
9.8
9.8
9.8
9.8
9.8
9.8
9.8
9.8
9.8
9.8
9.8
9.8
9.8
9.8
9.8
9.1
9.7
9.5
9.6
9.6
9.6
9.6
9.6
9.6
9.6
9.9
9.9
9.9
9.9
9.9
9.9
9.9
9.9
9.9
9.9
9.9
9.9
9.9
9.9
9.9
9.9
9.9
9.9
10
10
10
10
10
10
10
10
10
10
8.2
9.3
9.1
9.1
9.1
9.1
9.1
9.1
9.1
9.1
9.1
9.1
9.1
9.1
9.1
9.1
9.1
9.1
9.1
9.1
8.9
8.7
8.7
8.7
8.7
8.7
8.7
8.7
8.7
8.7
8.9
8.9
8.9
8.5
8.5
8.5
8.5
8.5
8.5
8.1
8
9.1
8.3
8.7
8.6
8.6
8.6
8.6
8.6
8.6
8.6
8.7
8.7
8.7
8.7
8.7
8.7
8.7
8.7
8.7
8.7
8.7
8.7
9.1
8.7
8.6
8.6
8.6
8.6
8.8
8.8
8.7
8.7
8.6
8.6
8.6
8.6
8.6
8.6
8.6
8.6
8.6
8.9
9
9
9
9
9
9
9
8.6
8.9
8.7
8.7
9
9
9
9
9
9
9
9
9
9
9
9
9
9
9
9
9
9
9
9
9
9
9
9
9
9
9.2
9.2
9.8
9.5
9.5
9.5
8.5
8.8
8.8
8.8
8.7
8.7
8.7
8.7
8.7
8.7
8.7
8.7
8.7
8.7
8.7
8.7
8.7
8.7
8.7
8.7
8.7
8.5
8.5
8.5
8.5
8.5
8.6
8.5
8.6
8.6
8.7
8.7
8.7
8.7
8.7
8.7
8.7
8.7
8.7
9.3
9.4
9.4
9.4
9.4
9.4
9.4
9.4
9.4
9.4
9.4
9.4
9.4
9.4
9.4
9.4
9.4
9.4
9.4
9.4
9.4
9.4
9.4
9.4
9.4
9.4
9.4
9.4
9.4
9.4
9.4
9
9
9
9
9
9
9
9
9
9
9
9
9
9
9
9
9
9
9
9
9
9
9
9
9
9
9
9
9
9
9
9
9
9
9
9.1
9.1
9.1
9.4
8.6
9.1
9
9
9
9
9
9
9
9
9
9
9
9
9
9
9
9.3
9.3
9.3
9.3
9.3
9.3
9.3
9.3
9.3
9.3
9.3
9.3
9.3
9.4
9.3
9.4
9.3
9.2
9.2
9.2
9.2
9.2
9.2
9.2
9.2
9.2
9.2
9.3
9.3
9.3
9.5
9.4
9.4
9.4
9.4
9.4
9.4
9.4
9.4
9.5
9.5
9.5
9.5
9.5
9.5
9.5
9.5
9.7
9.8
9.6
9.8
9.6
9.8
9.6
9.8
9.6
9.2
9.2
9.2
9.2
8.9
8.9
8.9
8.9
8.9
8.9
8.9
8.9
8.9
8.9
8.9
8.9
8.9
8.9
8.9
8.9
8.9
8.9
9.1
9.1
9.1
9.1
9.1
9.1
9.1
9.1
9.6
9.6
9.6
9.8
9.8
9.8
9.8
9.8
9.8
9.8
9.8
9.8
9.8
9.8
9.8
9.8
9.8
9.8
9.8
9.8
9.8
9.8
9.8
9.8
9.8
9.8
9.8
