1
1
1
6
6
6
6
6
1
5.4
4.7
4.8
5.6
6.3
6.7
6.7
6.7
6.7
6.7
6.6
6.6
7
7.5
7.4
7.3
7.3
7.3
7.3
7.3
7.3
7.3
7.2
7.4
7.4
7.4
7.4
7.5
7.5
8.4
8.4
8.5
8.5
8.4
8.3
8.3
8.3
8.3
8.3
8.3
8.6
8.6
8.5
8.3
8.5
8.8
8.8
8.8
8.8
9
8.8
7.9
8.1
8
8
8
8
8
8
7.5
7.6
7
7.6
7.6
7.6
7.5
7.5
7.5
7.5
7.5
7.5
7.8
7.2
7.2
7.2
7.2
7.2
7.6
7.4
7
7.3
8.1
8.1
8.1
8.2
8.4
8.4
8.5
8.5
8.5
7.9
7.9
8.2
8.2
8.2
8.2
8.2
8.2
8.2
8.2
7.9
7.9
8.1
7.9
7.9
7.9
7.9
7.9
7.9
7.8
7.8
7.9
7.6
7.9
7.7
7.5
7.6
7.5
7.5
7.5
8
7.4
7.8
7.9
7.9
7.9
7.9
7.9
7.9
8.1
9
9.4
9.5
9.5
9.5
9.5
7.4
8.8
8.9
8.9
8.9
8.9
8.9
8.7
8.8
8.7
8.8
8.9
8.9
8.9
8.9
8.9
8.9
8.9
8.9
8.9
8.9
8.9
8.9
8.9
8.9
8.9
8.9
8.9
8.5
8.7
8
8.1
8
8.2
8.2
8.2
8.2
8.2
8.2
8.2
8.2
7.7
7.7
7.7
7.1
7.6
7.8
7.9
7.9
7.9
7.9
7.9
7.9
7.9
7.9
7.9
8.2
8.2
8.2
8.2
8.5
8.5
8.5
8.5
8.5
8.5
8.5
8.5
8.5
8.5
8.5
8.5
8.5
8.5
8.5
8.5
8.5
8.5
8.5
8.5
8.5
8.5
10
10
8.7
10
8.7
10
8.7
10
8.7
9.8
9.3
9.4
9.4
9.4
9.4
9.4
9.4
9
9
8.9
8.9
8.9
8.9
8.9
8.9
8.9
8.9
8.9
8.9
8.9
8.7
8.7
8.7
8.7
8.7
8.7
8.7
8.7
8.4
8.5
8.5
8.5
8.5
8.5
8.5
8.5
8.5
8.8
8.7
8.7
8.7
8.7
8.7
8.7
8.7
9.3
8.7
9.3
8.7
9.3
9.3
9.3
9.3
9.3
9.3
7.8
8.6
8.6
8.6
8.6
8.6
8.6
8.6
8.6
9.1
9
9
9
9
9
9
9
9
9
9
9
9
9
9
9.1
9.1
9.2
9.2
9
9
9.2
9.4
9.4
9.4
9.4
9.4
9.4
9.4
9.4
9.4
9.4
9.4
9.4
9.4
9.4
9.4
9.4
9.4
9.4
9.4
9.4
9.4
9.4
9.4
9.4
9.4
9.4
9.4
9.4
7.9
8.8
8.6
8.7
8.7
8.7
8.7
8.7
8.6
8.6
8.6
8.6
8.6
8.6
8.6
8.6
8.6
8.7
8.7
8.7
8.7
8.7
8.7
8.7
8.7
8.7
8.7
8.7
8.6
8.6
8.8
8.8
8.8
8.8
8.8
8.7
8.8
8.9
8.9
8.9
9
8.9
9.1
9
9
9
9
9
9
8.9
9.1
9.1
9.1
9.1
9.1
9.1
9.1
9.4
9.4
9.4
9.4
9.4
9.4
9.4
9.4
9.9
9.6
9.5
9.5
9.5
9.5
9.5
9.5
9.5
9.5
9.5
9.5
9.5
9.5
9.7
9.6
9.7
9.6
9.7
9.7
9.7
9.7
9.7
9.7
9.7
9.7
9.7
9.7
9.7
9.7
9.7
9.7
10
10
10
10
10
10
9
10
9
9.8
9.4
9.4
9.2
9.2
9.2
9.2
9.2
9
9
9
9.1
9
9.1
9
9.1
9
9.1
9
9.1
9
9.1
9
9.1
9
9.1
9
9.1
9
9.3
9.1
9.3
9.2
9.3
9.2
9.3
9.2
9.3
9.2
9.3
9.5
9.5
9.5
9.5
9
9
9
9
9
9
9
9
9.2
9.3
9.8
9.7
9.8
9.7
9.8
9.7
9.8
9.7
9.8
9.8
9.8
9.8
9.8
9.8
9.8
9.8
9.8
9.8
9.8
9.8
9.8
9.8
9.8
9.8
9.6
9.8
9.6
9.8
9.6
9.7
9.6
9.6
9.6
9.6
9.6
9.6
9.6
9.6
8.8
9.4
9.3
9.3
9.3
9.2
9.2
9.2
9.2
9.4
9.4
9.4
9.4
9.4
9.4
9.4
9.4
9.4
9.4
9.5
9.5
9.5
9.5
9.5
9.5
9.5
9.5
9.5
9.5
9.5
9.7
9.8
9.7
9.8
9.7
9.8
9.7
9.8
9.7
9.8
9.7
9.8
9.7
9.8
9.7
9.8
9.8
9.8
9.8
9.8
9.8
9.8
9.8
9.8
9.8
9.8
9.8
9.8
9.8
9.8
9.8
9.8
9.8
9.8
9.8
9.8
9.8
9.8
9.8
9.8
9.8
9.8
9.8
9.8
9.8
9.8
9.8
9.8
9.6
9.8
9.6
9.8
9.6
9.8
9.6
9.8
9.6
9.6
9.6
9.6
9.6
9.6
9.6
9.6
9.6
9.6
9.6
9.6
9.6
9.6
8.1
8.9
9
9
8.8
8.8
8.8
8.8
8.8
8.8
8.8
8.8
8.8
8.8
8.8
8.8
8.5
8.8
8.8
8.8
9
9
9
9
9
9
9
9
9.2
9.2
9.5
9.6
9.5
9.6
9.5
9.6
9.5
9.6
9.5
9.6
9.5
9.6
9.5
9.6
9.5
9.6
9.5
9.6
9.5
9.6
9.5
9.6
9.8
9.8
9.8
9.8
9.8
9.8
9.8
9.8
9.8
9.8
9.8
9.8
9.8
9.8
9.8
9.9
9.9
9.9
9.9
9.9
9.9
9.9
9.9
9.9
9.9
9.9
9.9
9.9
9.9
9.9
9.9
9.9
9.9
9.6
9.9
9.6
9.9
9.6
9.9
9.6
9.9
9.6
9.9
9.6
9.9
9.6
9.6
9.6
9.6
9.6
9.6
9.6
9.6
10
9.7
9.8
9.8
9.8
9.8
9.8
9.8
9.8
9.8
10
9.8
10
9.8
10
9.8
10
9.8
10
9.8
9.9
9.9
9.9
9.9
10
10
10
10
10
10
10
10
10
10
10
10
10
10
10
9.9
9.9
9.9
9.9
9.9
9.9
9.9
9.9
9.9
9.9
9.9
9.9
9.9
9.9
9.9
9.9
9.9
9.9
9.9
9.9
9.9
9.9
9.9
9.9
9.9
9.9
9.9
9.9
9.9
9.9
9.9
9
9.6
9.6
9.6
9.5
9.5
9.5
9.5
9.5
9.5
9.5
9.5
9.5
9.5
9.5
9.5
9.5
9.5
9.5
9.5
9.5
9.5
9.5
9.5
9.5
9.5
9.5
9.5
9.5
9.5
9.7
9.8
9.7
9.8
9.7
9.8
9.7
9.6
9.6
9.6
9.6
9.6
9.6
9.6
9.6
9.6
9.6
9.6
9.6
9.6
9.6
9.6
9.6
9.6
9.6
9.6
9.7
9.7
9.7
9.5
9.6
9.6
9.6
9.6
9.6
9.6
9.6
9.6
9.6
9.6
9.6
9.6
9.6
9.6
9.6
9.6
9.6
9.7
9.7
9.7
9.7
9.7
9.7
9.7
9.7
9.7
9.6
9.6
9.6
9.8
9.8
9.8
9.8
9.8
9.8
9.8
9.8
9.8
9.8
9.8
9.8
9.8
9.8
9.8
9.8
9.8
9.7
9.9
9.7
9.8
9.8
9.8
9.8
9.7
9.8
9.7
9.8
9.7
9.8
9.7
9.8
9.7
9.8
9.7
9.8
9.7
9.8
9.7
9.8
9.7
9.8
9.7
9.8
9.7
9.8
9.7
9.8
9.6
9.8
9.6
9.7
9.7
9.7
9.8
9.8
9.8
9.8
9.8
9.8
9.8
9.8
9.8
9.8
9.8
9.8
9.8
9.8
9.8
9.8
9.8
9.8
9.7
9.8
9.7
9.8
9.7
9.8
9.7
9.8
9.7
9.8
9.7
9.8
9.7
9.8
9.7
9.8
