9
8.9
9
9
9
9
9
9
9
9
9
9
9
9
9
9
9
9
9
9
10
10
10
7
7
7
7
7
7
7.9
7.9
7.9
7.9
7.9
7.9
7.9
8.1
8.1
8.1
8.3
8.3
8.3
8.3
8.5
8.5
8.5
8.5
8.5
8.5
8.5
8.5
8.5
8.5
8.3
8.3
8.3
8.3
8.3
8.3
8.3
8.3
8.3
8.3
8.3
8.3
8.3
8.3
3.8
3.8
3.8
5.7
5.7
5.7
4.9
4.9
4.9
4.9
4.9
4.9
4.9
6.5
6.5
7.4
7.4
6.6
6.4
6.4
6.4
6.7
7.1
7.1
7.1
7.1
8.2
8.2
8.2
8.2
8.2
9
9
7.5
7.5
7.5
7.5
7.5
7.5
7.5
7.5
9.5
9.5
9.5
9.5
9.5
9.5
9.5
9.5
10
10
10
10
10
10
7.6
7.6
7
7
7
7
7
7
7.7
7.7
7.7
7.7
7.7
7.7
7.7
7.7
7.7
7.7
7.7
9.4
9.4
9.4
8.9
8.9
9.4
9.4
9.2
9.2
9.2
9.2
8.9
8.9
8.9
8.9
8.9
8.9
8.9
8.9
8.9
8.9
8.9
8.9
7.6
7.7
7.7
7.7
7.7
7.5
7.5
7.5
7.5
7.5
7.5
6.3
6.6
7.1
7.1
7.1
7.8
7.8
8.5
8.5
8.5
8.5
8.5
8.5
8.2
8.2
8.2
8.5
8.5
8.5
8.5
8.5
8.5
8.5
8.5
8.5
8.6
8.6
8.6
8.6
8.6
6.8
6.8
6.9
6.9
7.5
7.5
7.5
7.5
7.5
7.5
7.5
8.4
8.4
8.4
8.5
8.3
8.6
8.6
8.6
8.6
8.6
8.6
8.6
9.2
9.2
9.2
9.2
9.2
9.2
9.2
9.2
10
10
10
10
10
10
10
10
10
10
10
10
10
10
10
8.3
8.3
7.9
7.9
7.9
2.3
2.7
1.4
5.4
5.4
7.1
7.1
7.5
7.5
7.5
8.6
9.2
9
9
9.1
9.1
9.1
9.1
9.1
7.6
7.6
7
8.7
8.7
8.7
8.7
8.7
8.7
8.7
8.7
8.7
8.7
8.7
8.7
8.7
8.7
8.7
9.3
9.8
9.8
9.8
7.7
7.7
7.8
7.8
7.8
7.8
7.8
9
9
9
9.2
9.2
9.2
9.3
9.3
9.3
9.1
9.1
9.1
9.2
9.2
9.2
9.1
10
10
10
10
10
10
10
10
10
10
10
10
10
10
10
10
10
10
10
10
10
10
10
10
10
10
10
10
10
10
10
10
10
10
10
10
10
10
10
10
10
8.1
8.1
8.1
8.1
8.1
8.1
8.1
8.1
8.1
8.1
8.1
8.1
8.1
8.1
8.1
8.1
8.1
7.1
7.1
8.8
8.8
8.8
8.8
10
10
10
10
10
10
10
10
10
10
10
10
10
10
10
10
10
10
10
10
10
10
10
10
10
10
10
10
10
10
10
10
10
10
10
10
10
10
10
10
10
10
4.3
4.3
4.3
4.3
4.4
6.6
6.6
7.5
8.4
8.4
8.4
8.4
8.4
8.4
8.4
8.5
8.5
8.5
8.5
8.5
7.9
7.9
7.9
8.8
8.8
8.8
8.8
8.8
9
9
9
9
9
9
9
9
10
10
10
10
10
10
10
10
10
10
10
10
10
10
10
7.7
7.7
7.7
6.6
6.6
7.2
7.9
7.9
7.9
7.4
7.4
7.4
7.4
7.4
7.4
7.4
7.4
9
9.1
9.1
9.1
9.1
9.1
9.1
9.1
9.1
9
9
8
8
8
8
8
8
8
8.4
8.4
8.4
8.4
8.4
8.4
8.4
8.4
8.4
8.4
8.4
8.4
8.4
8.4
8.4
8.4
8.4
8.4
8.4
8.4
8.4
8.4
8.4
8.4
8.4
5.4
5.4
5.4
5.4
5.4
5.4
5.4
5.6
5.6
5.6
5.6
5.6
6
6.4
5.7
5.7
5.7
5.7
5.7
5.7
5.7
5.7
5.7
5.7
5.7
5.7
5.8
5.8
5.8
5.8
8.4
8.4
8.4
8.4
8.4
8.4
8.5
8.5
9.4
9.4
9.4
9.4
9.4
9.4
9.4
7.4
7.4
7.4
7.4
7.4
7.5
7.5
7.5
7.5
7.5
7.5
7.5
7.5
7.5
7.5
7.5
8.8
9.3
7.8
7.8
7.8
7.8
8.3
8.3
8.3
10
10
10
10
10
10
10
10
10
8.8
8.8
8.8
8.8
8.8
8.8
8.8
8.8
8.8
8.8
9.2
9.2
9.2
9.2
8.9
8.9
8.9
8.9
8.9
8.9
8.9
8.9
8.9
8.9
9.8
9.8
9.8
9.8
9.8
9.8
9.5
9.5
9.5
9.5
9.5
9.5
9.3
9.3
9.5
9.5
9.5
9.5
9.5
9.5
9.5
9.5
9.8
9.8
9.8
9.8
9.8
9.9
9.9
9.9
9.9
9.9
9.9
9.6
9.9
9.9
9.9
9.9
9.9
9.9
9.6
9.6
9.6
9.6
9.6
9.6
9.6
9.6
9.6
9.6
9.6
9.6
9.5
9.5
9.8
9.8
9.8
9.8
9.7
9.7
9.7
9.7
9.7
9.7
9.7
9.7
9.7
9.7
9.7
9.7
9.7
9.7
9.8
9.9
9.9
9.9
9.9
9.9
9.9
9.9
9.9
9.9
9.9
9.9
9.9
9.9
9.9
9.9
9.9
9.9
9.9
9.7
9.7
9.7
9.7
9.7
9.8
9.8
9.8
9.9
9.9
8.3
9.8
9.8
9
9
8.6
8.6
8.6
9.6
9.6
9.6
9.6
9.6
9.6
9.6
9.6
9.8
9.8
9.8
9.8
9.8
9.8
8.9
8.9
8.9
8.9
8.9
8.9
8.9
8.9
8.9
9.6
9.6
9.6
9.6
9.6
9.6
9.6
9.5
10
10
10
10
10
10
10
10
10
10
10
10
10
10
10
10
10
10
10
10
10
10
10
10
10
10
10
10
10
10
10
7.1
7.1
7.1
7.1
7.1
7.1
7.1
7.1
7.1
7.1
7.1
7.1
6.2
6.2
6.2
6.6
7.7
7.7
7.7
7.7
8.9
8.9
9.6
9.6
9.6
9.6
9.6
9.6
9.6
9.6
9.6
8
7.6
7.6
7.6
7.6
7.6
7.9
7.9
7.9
7.9
7.9
8.5
8.5
8.5
8.5
8.5
8.5
8.5
8.5
8.5
8.5
8.5
8.5
7.9
7.9
7.9
7.9
5.7
7.9
7.9
7.9
7.9
7.9
7.9
9.3
9.3
9.3
9.3
9.3
9.3
9.2
6.1
6.1
6.1
6.1
6.1
6.1
6.1
5.4
1.8
5.5
5.5
5.5
5.5
5.5
5.2
5.2
5.2
5.2
5.2
5.2
5.2
5.2
5.2
5.2
5.2
5.2
5.2
5.2
5.2
4.7
4.7
4.7
4.7
4.7
4.7
5.4
10
10
10
10
10
10
10
10
5.9
5.9
5.9
5.9
5.4
5.4
5.4
5.4
5.4
5.4
5.4
5.4
5.4
5.4
7.8
7.8
7.8
7.8
7.8
7.8
7.8
7.8
7.8
7.8
7.8
7.8
7.8
7.8
7.8
7.8
7.8
7.8
7.8
7.8
7.8
7.8
7.8
7.8
7.8
7.8
8.7
8.7
5.2
5.2
5.2
5.2
5.2
7
7
7
7
7
7
7
7
7
7
7
7
7
9.9
9.9
9.9
9.9
9.9
10
5.3
6.8
6.8
6.8
6.8
7
7
7
