9
1.1
1.1
1.1
0
0
0
0
0
0
0
0
0
0
0
0
0
0
0
0
0
0
0
0
0
0
0
0
0
0
0
0
0
0
0
0
0
0
0
0
0
0
0
0
0
0
0
0
0
0
0
0
0
2.8
2.8
2.8
2.8
2.8
2.8
2.8
2.8
2.8
2.8
2.8
2.8
2.8
2.8
2.8
2.8
2.8
2.8
2.8
2.8
1.5
1.5
1.5
1.5
1.5
1.5
1.5
2
2
5.7
5.7
4.3
4
4
4
2.4
2.5
2.5
2
2
2.2
2.2
2.2
2.2
2.2
2.2
2.2
2.2
2.2
2.2
2.2
2.2
2.2
2.2
2.2
2.8
2.5
2.5
2.5
2.5
2.5
2.5
2.5
2.6
1.9
1.9
1.9
1.9
1.9
1.9
1.9
0
0
0
0
0
0
0
0
0
0
0
0
0
0
0
0
0
3.5
3.5
3.5
3.5
3.5
3.5
3.5
3.5
3.5
3.2
3.2
0.6
4
4
4
1.9
1.9
1.9
1.5
1.5
1.5
1.5
1.5
1.6
1.6
1.6
1.6
1.6
0.9
0.9
0.9
0.9
0.9
0.9
0.9
0.9
0.9
2.2
2.2
2.2
2.2
2.4
2.4
2.4
2.4
2.4
2.4
1
1
1
1
1
1
0.9
0.9
0.9
0.9
0.9
0.9
0.9
0.9
0.9
0.9
0.9
0.9
0.9
0.9
0.9
0.9
0.9
0.9
0.9
0.9
0.9
0.9
1
1
1
1
0
0
0
0
0
0
0
0
0
0
0
0
0
0
0
0
0
0
0
1.7
1.7
1.7
1.7
1.7
1.4
1.4
1.4
1.2
1.2
1.2
1.2
1.5
1.5
1.5
1.5
1.5
1.5
1.5
0
0
0
0
0
0
0
0.7
0.5
0.5
0.5
0.5
0.5
0.5
0.5
0.5
0
0
0
0
0
0
0
0
0
0
0
0
0
0
0
0
0
0
0
0
0
0
0
0
0
0
0
0
0
0
0
0
0
0
0
0
0
0
0
0.8
0.8
0.8
0.8
0.8
0.8
0
0
0
0
0
0
0
0
0
0
0
0
0
0
0
0
0
0
0
0
0
0
0
0
0
0
0
0
0
0
0
0
0
0
0
0
0
0
0
0
0
0
0
0
0
0
0
0
0
0
0
0
0
0
0
0
0
0
0
1.5
1.5
1.9
1.6
1.3
1.3
1.5
1.5
1.3
1.3
1.3
1.3
1.3
1.3
1.3
1.3
1.3
1.3
1.3
1.3
0.2
0.2
0.2
0.2
0.2
0.2
0.2
0.2
0.2
0.2
0.2
0.2
0.2
0.2
0.2
0.2
0.2
0.2
0.2
0.2
0.2
0
0
0
0
0
0
0
0
0
0
0
0
0
0
0
0
0
0
0
0
0
0
0
0
0
0
0
1.9
1.9
1.9
1.3
1.3
1.3
1.3
1.3
1.3
1.3
1.3
1.3
1.3
1.3
1.3
1.3
1.4
1.4
1.4
1.4
1.4
1.4
1.4
1.4
1.4
1.4
1.4
1.4
3.8
3.4
3.4
3.9
3.9
3.9
0.9
0.9
0.9
1
1
1
1
1
1
1
1
1
1
1
1.2
1.2
1.2
1.2
1.2
1.2
1.2
1.2
0.8
0
0
0
0
0
0
0
0
0
0
0
0
0
0
0
0
0
0
0
0
0
0
0
0
0
0
0
0
0
0
0
0
0
0
0
0
0
0
0
0
0
0
0
0
0
0
0
0
0
0
0
0
0
0
0
0
0
0
0
0
0
0
0
0
0
0
0
0
0
0
0
0
0
0
0
0
0
0
0
0
0
0
0
0
0
0
0
0
0
0
0
0
0
0
0
0
0
0
0
0
0
0
0
0
0
0
0
0
0
0
0
0
0
0
0
0
0
0
0
0
0
0
0
0
0
0
0
0
0
0
0
0
0
0
0
0
0
0
0
0
0
0
0
0
0
0
0
0
0
0
0
0
0
0
0
0
0
0
0
0
0
0
0
0
0
0
0
0
0
0
0
0
0
0
0
0
0
0
0
0
0
0
0
0
0
0
0
0
0
0
0
0
0
0
0
0
0
0
0
0
0
0
0
0
0
0
0
0
0
0
0
0
0
0
0
0
0
0
0
0
0
0
0
0
0
0
0
0
0
0
0
0
0
0
0
0
0
0
3.3
3.3
3.3
3.3
3.3
3.3
3.3
3.3
3.3
3.3
3.3
3.3
3.3
3.3
3.3
3.3
3.3
3.3
3.3
3.3
3.3
1.9
1.9
1.9
1.9
1.9
1.9
1.9
1.9
1.9
1.9
2
2
2
2
2
2
2
0
0
0
0
0
0
0
0
0
0
0
0
0
0
0
0
0
0
0
0
0
0
0
0
0
0
0
0
0
0
0
0
0
0
0
0
0
0
0
0
0
0
0
0
0
0
0
0
0
0
0
0
0
0
0
0
0
0
0
0
0
0
0
0
0
0
0
0
0
0
0
0
0
0
0
0
0
0
0
0
0
0
0
0
0
0
0
0
0
0
1.8
1.8
1.8
1.8
1.8
1.8
1.8
2.1
2.1
2.1
2.1
2.1
2.1
0.6
0.2
0.2
0.2
1.4
1.4
1.4
1.4
1.4
1.4
0.7
2.3
2.3
2.3
1.9
1.9
1.9
1.9
1.9
2.1
2.1
2.1
2.1
2.1
2.1
2.1
2.1
2.1
1.9
1.9
1.1
1.1
1.1
1.1
1.1
1.1
1.1
1.1
1.1
1.1
1.3
1.3
1.3
1.3
1.3
1.3
1.3
1.3
1.3
0.3
0.3
0.3
0.2
0.2
0.2
0.2
0.2
0.2
0.2
0.3
0.2
0.2
0.2
0.2
0.2
0.2
0.2
0.2
0.2
0.2
0.2
0.2
0.2
0.2
0.2
0.2
0.2
0.2
0.2
0.2
0
0
0
0
0
0
0
0
0
0
0
0
0
0
0
0
0
0
0
0
0
0
0
0
0
0
0
0
0
0
0
1.5
1.5
1.5
1.5
1.5
1.5
1.5
1.5
